route_id,service_id,trip_id,trip_short_name,trip_headsign,direction_id,block_id,shape_id,trip_bikes_allowed,bikes_allowed
1063,749A2475,53552A749B2475,,,,2096,0,2,2
1059,1398A2522,87813A1398B2522,,,0,,1,2,2
1067,748A2475,54505A748B2475,,,1,,2,2,2
1067,749A2475,38007A749B2475,,,0,,3,2,2
1063,749A2475,53550A749B2475,,,,2096,4,2,2
1058,749A2475,53333A749B2475,,,,2087,5,2,2
1058,748A2475,53468A748B2475,,,,2085,5,2,2
1058,749A2475,53335A749B2475,,,,2087,5,2,2
1068,748A2475,38016A748B2475,,,0,,6,2,2
1057,748A2475,53263A748B2475,,,,2082,7,2,2
1058,749A2475,53324A749B2475,,,,2087,5,2,2
1058,748A2475,53311A748B2475,,,,2086,5,2,2
1059,1398A2520,87813A1398B2520,,,0,,1,2,2
1063,748A2475,53506A748B2475,,,,2092,4,2,2
1067,749A2475,37999A749B2475,,,1,,2,2,2
1055,748A2475,53406A748B2475,,,,2077,8,2,2
1059,1398A2521,87817A1398B2521,,,0,,1,2,2
1075,748A2475,37802A748B2475,,,,,9,2,2
1065,748A2475,54436A748B2475,,,1,2099,10,2,2
1054,749A2475,53139A749B2475,,,,,11,2,2
1055,749A2475,53184A749B2475,,,,2079,8,2,2
1075,749A2475,54519A749B2475,,,,2103,9,2,2
1059,1398A2522,87812A1398B2522,,,0,,1,2,2
1063,748A2475,53519A748B2475,,,,2092,4,2,2
1056,748A2475,53428A748B2475,,,,2080,12,2,2
1059,1398A2520,87812A1398B2520,,,0,,1,2,2
1058,749A2475,53329A749B2475,,,,2087,5,2,2
1056,749A2475,53232A749B2475,,,,2081,12,2,2
1059,1398A2521,87816A1398B2521,,,0,,13,2,2
1054,749A2475,53138A749B2475,,,,,11,2,2
1063,748A2475,53499A748B2475,,,,2092,4,2,2
1060,748A2475,46841A748B2475,,,,2057,14,2,2
1075,748A2475,54515A748B2475,,,,2102,9,2,2
1064,748A2475,53611A748B2475,,,1,2098,15,2,2
1064,748A2475,54408A748B2475,,,0,2098,16,2,2
1058,748A2475,53459A748B2475,,,,2085,5,2,2
1066,748A2475,37975A748B2475,,,0,,17,2,2
1063,749A2475,53560A749B2475,,,,2096,4,2,2
1058,748A2475,53314A748B2475,,,,2086,5,2,2
1064,748A2475,53639A748B2475,,,1,2098,15,2,2
1057,748A2475,53262A748B2475,,,,2082,7,2,2
1067,749A2475,57245A749B2475,,,1,,2,2,2
1056,748A2475,53423A748B2475,,,,2080,12,2,2
1056,749A2475,53249A749B2475,,,,2081,12,2,2
1063,748A2475,53498A748B2475,,,,2092,4,2,2
1060,749A2475,53356A749B2475,,,,2090,14,2,2
1064,748A2475,53610A748B2475,,,1,2098,15,2,2
1058,748A2475,53313A748B2475,,,,2086,5,2,2
1059,753A2518,37952A753B2518,,,0,,13,2,2
1056,748A2475,53197A748B2475,,,,2080,12,2,2
1055,748A2475,53404A748B2475,,,,2077,8,2,2
1066,748A2475,37788A748B2475,,,0,,17,2,2
1054,749A2475,53132A749B2475,,,,,11,2,2
1057,748A2475,53445A748B2475,,,,2094,7,2,2
1059,753A2518,37961A753B2518,,,0,,1,2,2
1075,749A2475,54516A749B2475,,,,2103,9,2,2
1059,753A2518,37958A753B2518,,,1,,18,2,2
1060,748A2475,46827A748B2475,,,,2057,14,2,2
1075,748A2475,38008A748B2475,,,,,19,2,2
1058,749A2475,53336A749B2475,,,,2087,5,2,2
1067,749A2475,57244A749B2475,,,1,,2,2,2
1067,748A2475,57251A748B2475,,,0,,3,2,2
1063,748A2475,53517A748B2475,,,,2092,4,2,2
1055,748A2475,53407A748B2475,,,,2077,8,2,2
1058,748A2475,53462A748B2475,,,,2085,5,2,2
1057,749A2475,53283A749B2475,,,,2083,7,2,2
1057,748A2475,53257A748B2475,,,,2082,7,2,2
1056,748A2475,53431A748B2475,,,,2080,12,2,2
1059,1398A2521,87811A1398B2521,,,1,,18,2,2
1060,748A2475,53484A748B2475,,,,2095,14,2,2
1059,1398A2520,87815A1398B2520,,,0,,20,2,2
1060,749A2475,46462A749B2475,,,,2090,14,2,2
1067,749A2475,57246A749B2475,,,1,,2,2,2
1064,748A2475,54407A748B2475,,,0,2098,16,2,2
1063,749A2475,53561A749B2475,,,,2096,4,2,2
1067,748A2475,57255A748B2475,,,0,,3,2,2
1057,748A2475,53450A748B2475,,,,2094,7,2,2
1057,748A2475,53254A748B2475,,,,2082,7,2,2
1059,1398A2522,87815A1398B2522,,,0,,20,2,2
1063,748A2475,53523A748B2475,,,,2093,4,2,2
1054,749A2475,53131A749B2475,,,,,11,2,2
1055,748A2475,53153A748B2475,,,,2077,8,2,2
1059,1398A2522,87814A1398B2522,,,0,,20,2,2
1058,748A2475,57240A748B2475,,,,2085,5,2,2
1058,748A2475,53317A748B2475,,,,2086,5,2,2
1075,748A2475,54512A748B2475,,,,2102,9,2,2
1058,748A2475,53473A748B2475,,,,2085,5,2,2
1067,748A2475,38002A748B2475,,,1,,2,2,2
1067,748A2475,37789A748B2475,,,1,,21,2,2
1059,1398A2520,87814A1398B2520,,,0,,20,2,2
1058,748A2475,53464A748B2475,,,,2085,5,2,2
1057,748A2475,53261A748B2475,,,,2082,7,2,2
1058,749A2475,53327A749B2475,,,,2087,5,2,2
1063,749A2475,53562A749B2475,,,,2096,4,2,2
1067,748A2475,57252A748B2475,,,0,,3,2,2
1059,1398A2521,87808A1398B2521,,,1,,18,2,2
1063,748A2475,53531A748B2475,,,,2093,4,2,2
1075,748A2475,54520A748B2475,,,,2102,9,2,2
1060,748A2475,46838A748B2475,,,,2057,14,2,2
1056,749A2475,53236A749B2475,,,,2081,12,2,2
1058,749A2475,53326A749B2475,,,,2087,5,2,2
1060,748A2475,53493A748B2475,,,,2095,14,2,2
1056,748A2475,37780A748B2475,,,,2080,12,2,2
1059,1398A2522,87809A1398B2522,,,1,,22,2,2
1064,748A2475,53612A748B2475,,,1,2098,15,2,2
1063,749A2475,39273A749B2475,,,,2096,23,2,2
1068,748A2475,37933A748B2475,,,0,,6,2,2
1063,748A2475,37782A748B2475,,,,2092,4,2,2
1059,753A2518,37960A753B2518,,,0,,20,2,2
1057,749A2475,53287A749B2475,,,,2083,7,2,2
1059,1398A2520,87809A1398B2520,,,1,,22,2,2
1067,748A2475,38003A748B2475,,,1,,2,2,2
1058,748A2475,53470A748B2475,,,,2085,5,2,2
1068,749A2475,57260A749B2475,,,1,,24,2,2
1063,748A2475,53529A748B2475,,,,2093,4,2,2
1072,748A2475,37940A748B2475,,,0,,25,2,2
1060,748A2475,53479A748B2475,,,,2095,14,2,2
1058,748A2475,53460A748B2475,,,,2085,5,2,2
1056,748A2475,53194A748B2475,,,,2080,12,2,2
1063,748A2475,53497A748B2475,,,,2092,4,2,2
1056,749A2475,53228A749B2475,,,,2081,12,2,2
1063,749A2475,53553A749B2475,,,,2096,4,2,2
1057,749A2475,53285A749B2475,,,,2083,7,2,2
1064,748A2475,37793A748B2475,,,0,,16,2,2
1063,748A2475,53530A748B2475,,,,2093,4,2,2
1075,748A2475,54513A748B2475,,,,2102,9,2,2
1066,748A2475,37971A748B2475,,,1,,26,2,2
1054,749A2475,53134A749B2475,,,,,11,2,2
1055,749A2475,53182A749B2475,,,,2079,8,2,2
1055,749A2475,53175A749B2475,,,,2079,8,2,2
1058,748A2475,53465A748B2475,,,,2085,5,2,2
1067,749A2475,57248A749B2475,,,0,,3,2,2
1063,748A2475,53510A748B2475,,,,2092,4,2,2
1063,748A2475,53514A748B2475,,,,2092,4,2,2
1063,748A2475,53503A748B2475,,,,2092,4,2,2
1057,749A2475,53275A749B2475,,,,2083,7,2,2
1059,753A2518,37950A753B2518,,,0,,1,2,2
1063,749A2475,53556A749B2475,,,,2096,4,2,2
1055,749A2475,53178A749B2475,,,,2079,8,2,2
1065,748A2475,54461A748B2475,,,0,2099,27,2,2
1056,748A2475,53203A748B2475,,,,2080,12,2,2
1070,748A2475,54510A748B2475,,,0,2101,28,2,2
1063,748A2475,53508A748B2475,,,,2092,4,2,2
1063,748A2475,53534A748B2475,,,,2093,4,2,2
1056,748A2475,53427A748B2475,,,,2080,12,2,2
1072,748A2475,37942A748B2475,,,0,,29,2,2
1058,748A2475,37781A748B2475,,,,2085,5,2,2
1060,749A2475,46460A749B2475,,,,2090,14,2,2
1066,748A2475,37973A748B2475,,,1,,26,2,2
1067,748A2475,37790A748B2475,,,0,,3,2,2
1059,1398A2521,87806A1398B2521,,,1,,30,2,2
1059,753A2518,37954A753B2518,,,1,,18,2,2
1059,753A2518,37962A753B2518,,,0,,1,2,2
1056,749A2475,53224A749B2475,,,,2081,12,2,2
1067,748A2475,57258A748B2475,,,1,,2,2,2
1059,753A2518,37959A753B2518,,,1,,18,2,2
1067,748A2475,37979A748B2475,,,0,,3,2,2
1059,1398A2520,87806A1398B2520,,,1,,30,2,2
1055,749A2475,53183A749B2475,,,,2079,8,2,2
1058,748A2475,53318A748B2475,,,,2086,5,2,2
1056,748A2475,53198A748B2475,,,,2080,12,2,2
1068,748A2475,37931A748B2475,,,1,,31,2,2
1055,748A2475,53190A748B2475,,,,2077,32,2,2
1067,748A2475,54504A748B2475,,,1,,2,2,2
1063,749A2475,53551A749B2475,,,,2096,4,2,2
1055,749A2475,53181A749B2475,,,,2079,8,2,2
1055,748A2475,53143A748B2475,,,,2076,8,2,2
1065,748A2475,37798A748B2475,,,1,2099,10,2,2
1059,753A2518,37955A753B2518,,,1,,22,2,2
1056,748A2475,53191A748B2475,,,,2080,12,2,2
1059,1398A2522,87806A1398B2522,,,1,,30,2,2
1070,748A2475,54508A748B2475,,,0,,28,2,2
1067,748A2475,37980A748B2475,,,0,,3,2,2
1059,1398A2521,87810A1398B2521,,,1,,18,2,2
1058,748A2475,53312A748B2475,,,,2086,5,2,2
1063,748A2475,53504A748B2475,,,,2092,4,2,2
1075,748A2475,54511A748B2475,,,,2102,9,2,2
1070,748A2475,37795A748B2475,,,0,2101,28,2,2
1057,748A2475,53453A748B2475,,,,2094,7,2,2
1067,748A2475,57257A748B2475,,,1,,2,2,2
1057,748A2475,53452A748B2475,,,,2094,7,2,2
1063,748A2475,53501A748B2475,,,,2092,4,2,2
1067,748A2475,37998A748B2475,,,1,,2,2,2
1060,748A2475,57239A748B2475,,,,2057,14,2,2
1057,748A2475,53264A748B2475,,,,2094,7,2,2
1059,1398A2520,87810A1398B2520,,,1,,18,2,2
1063,748A2475,53495A748B2475,,,,2092,4,2,2
1064,748A2475,54432A748B2475,,,0,2098,16,2,2
1075,749A2475,54517A749B2475,,,,2103,9,2,2
1063,748A2475,53526A748B2475,,,,2093,4,2,2
1063,748A2475,53502A748B2475,,,,2092,4,2,2
1067,748A2475,38004A748B2475,,,1,,2,2,2
1056,749A2475,53238A749B2475,,,,2081,12,2,2
1056,749A2475,53234A749B2475,,,,2081,12,2,2
1065,748A2475,54462A748B2475,,,0,2099,27,2,2
1063,748A2475,53513A748B2475,,,,2092,4,2,2
1059,1398A2522,87810A1398B2522,,,1,,18,2,2
1065,748A2475,54433A748B2475,,,1,2099,10,2,2
1055,748A2475,53401A748B2475,,,,2077,8,2,2
1057,748A2475,53447A748B2475,,,,2094,7,2,2
1058,748A2475,53472A748B2475,,,,2085,5,2,2
1070,748A2475,54506A748B2475,,,1,2101,33,2,2
1066,748A2475,37974A748B2475,,,0,,17,2,2
1060,748A2475,53486A748B2475,,,,2095,14,2,2
1058,749A2475,53332A749B2475,,,,2087,5,2,2
1057,748A2475,53258A748B2475,,,,2082,7,2,2
1055,748A2475,37779A748B2475,,,,2076,8,2,2
1058,749A2475,53328A749B2475,,,,2087,5,2,2
1060,748A2475,53487A748B2475,,,,2095,14,2,2
1064,749A2475,37965A749B2475,,,1,,34,2,2
1067,748A2475,37982A748B2475,,,0,,3,2,2
1055,748A2475,53408A748B2475,,,,2077,8,2,2
1063,748A2475,53511A748B2475,,,,2092,4,2,2
1058,749A2475,53331A749B2475,,,,2087,5,2,2
1070,748A2475,54507A748B2475,,,1,,33,2,2
1060,748A2475,57238A748B2475,,,,2057,14,2,2
1057,748A2475,53266A748B2475,,,,2082,35,2,2
1060,749A2475,46461A749B2475,,,,2090,14,2,2
1059,1398A2520,87807A1398B2520,,,1,,18,2,2
1055,749A2475,53177A749B2475,,,,2079,8,2,2
1056,748A2475,53429A748B2475,,,,2080,12,2,2
1055,748A2475,53150A748B2475,,,,2076,8,2,2
1066,748A2475,37787A748B2475,,,1,,26,2,2
1058,748A2475,53304A748B2475,,,,2085,5,2,2
1070,748A2475,37939A748B2475,,,1,2101,33,2,2
1064,748A2475,54406A748B2475,,,0,2098,16,2,2
1056,748A2475,53426A748B2475,,,,2080,12,2,2
1059,1398A2521,87807A1398B2521,,,1,,18,2,2
1059,753A2518,37951A753B2518,,,0,,20,2,2
1054,749A2475,53129A749B2475,,,,,11,2,2
1057,748A2475,53259A748B2475,,,,2082,7,2,2
1056,748A2475,53432A748B2475,,,,2080,12,2,2
1057,749A2475,53277A749B2475,,,,2083,7,2,2
1059,1398A2522,87807A1398B2522,,,1,,18,2,2
1055,748A2475,53409A748B2475,,,,2077,8,2,2
1063,749A2475,53557A749B2475,,,,2096,4,2,2
1067,749A2475,38005A749B2475,,,1,,2,2,2
1067,748A2475,57253A748B2475,,,0,,3,2,2
1058,748A2475,53319A748B2475,,,,2086,5,2,2
1075,749A2475,57242A749B2475,,,,2103,9,2,2
1056,749A2475,53226A749B2475,,,,2081,12,2,2
1060,748A2475,53482A748B2475,,,,2095,14,2,2
1058,748A2475,53316A748B2475,,,,2086,5,2,2
1068,748A2475,37791A748B2475,,,0,,36,2,2
1054,749A2475,53133A749B2475,,,,,11,2,2
1065,748A2475,54463A748B2475,,,0,2099,27,2,2
1055,748A2475,53405A748B2475,,,,2077,8,2,2
1063,748A2475,53516A748B2475,,,,2092,4,2,2
1058,748A2475,53309A748B2475,,,,2086,5,2,2
1058,748A2475,53474A748B2475,,,,2085,5,2,2
1060,749A2475,46463A749B2475,,,,2090,14,2,2
1064,748A2475,54404A748B2475,,,0,2098,16,2,2
1055,748A2475,53400A748B2475,,,,2077,8,2,2
1058,748A2475,53308A748B2475,,,,2086,5,2,2
1055,748A2475,53146A748B2475,,,,2076,8,2,2
1058,748A2475,53463A748B2475,,,,2085,5,2,2
1063,748A2475,53536A748B2475,,,,2093,4,2,2
1055,748A2475,53410A748B2475,,,,2077,8,2,2
1054,749A2475,53137A749B2475,,,,,11,2,2
1060,749A2475,46457A749B2475,,,,2090,14,2,2
1063,749A2475,53559A749B2475,,,,2096,4,2,2
1066,748A2475,37976A748B2475,,,0,,17,2,2
1054,749A2475,53136A749B2475,,,,,11,2,2
1056,748A2475,53200A748B2475,,,,2080,12,2,2
1059,1398A2522,87817A1398B2522,,,0,,1,2,2
1055,748A2475,53151A748B2475,,,,2076,8,2,2
1067,748A2475,37984A748B2475,,,0,,37,2,2
1056,748A2475,53193A748B2475,,,,2080,12,2,2
1063,748A2475,53509A748B2475,,,,2092,4,2,2
1067,748A2475,57256A748B2475,,,0,,3,2,2
1065,748A2475,37799A748B2475,,,0,2099,27,2,2
1056,748A2475,53424A748B2475,,,,2080,12,2,2
1060,748A2475,46845A748B2475,,,,2057,14,2,2
1055,749A2475,53176A749B2475,,,,2079,8,2,2
1059,1398A2520,87817A1398B2520,,,0,,1,2,2
1058,748A2475,53306A748B2475,,,,2086,5,2,2
1059,1398A2521,87813A1398B2521,,,0,,1,2,2
1063,749A2475,53554A749B2475,,,,2096,4,2,2
1065,748A2475,54434A748B2475,,,1,2099,10,2,2
1058,748A2475,53467A748B2475,,,,2085,5,2,2
1059,753A2518,37957A753B2518,,,1,,18,2,2
1072,748A2475,37941A748B2475,,,0,,25,2,2
1067,748A2475,57259A748B2475,,,1,,2,2,2
1063,749A2475,53558A749B2475,,,,2096,4,2,2
1058,748A2475,53305A748B2475,,,,2086,5,2,2
1067,748A2475,38001A748B2475,,,1,,2,2,2
1059,1398A2522,87816A1398B2522,,,0,,13,2,2
1055,749A2475,53180A749B2475,,,,2079,8,2,2
1056,749A2475,53230A749B2475,,,,2081,12,2,2
1056,748A2475,53196A748B2475,,,,2080,12,2,2
1055,748A2475,53142A748B2475,,,,2076,8,2,2
1075,748A2475,54521A748B2475,,,,2102,9,2,2
1059,1398A2521,87812A1398B2521,,,0,,1,2,2
1055,748A2475,53144A748B2475,,,,2076,8,2,2
1063,748A2475,53533A748B2475,,,,2093,4,2,2
1059,1398A2520,87816A1398B2520,,,0,,13,2,2
1060,748A2475,53480A748B2475,,,,2095,14,2,2
1057,748A2475,53451A748B2475,,,,2094,7,2,2
1058,749A2475,53354A749B2475,,,,2087,5,2,2
1060,749A2475,46459A749B2475,,,,2090,14,2,2
1056,749A2475,53222A749B2475,,,,2081,12,2,2
1055,748A2475,53148A748B2475,,,,2076,8,2,2
1058,749A2475,53334A749B2475,,,,2087,5,2,2
1075,749A2475,54518A749B2475,,,,2103,9,2,2
1063,749A2475,53555A749B2475,,,,2096,4,2,2
1057,748A2475,53449A748B2475,,,,2094,7,2,2
1055,748A2475,53145A748B2475,,,,2076,8,2,2
1060,748A2475,46817A748B2475,,,,2057,14,2,2
1063,749A2475,53563A749B2475,,,,2096,4,2,2
1067,749A2475,38006A749B2475,,,0,,3,2,2
1065,748A2475,54435A748B2475,,,1,2099,10,2,2
1063,748A2475,53525A748B2475,,,,2093,4,2,2
1060,749A2475,46455A749B2475,,,,2090,14,2,2
1059,753A2518,37953A753B2518,,,1,,30,2,2
1057,748A2475,53448A748B2475,,,,2094,7,2,2
1057,748A2475,53260A748B2475,,,,2082,7,2,2
1056,748A2475,53192A748B2475,,,,2080,12,2,2
1063,748A2475,53500A748B2475,,,,2092,4,2,2
1068,749A2475,37935A749B2475,,,0,,6,2,2
1057,748A2475,37784A748B2475,,,,2094,7,2,2
1060,748A2475,53488A748B2475,,,,2095,14,2,2
1054,749A2475,53135A749B2475,,,,,11,2,2
1057,749A2475,53269A749B2475,,,,2083,7,2,2
1060,748A2475,53485A748B2475,,,,2095,14,2,2
1055,748A2475,53149A748B2475,,,,2076,8,2,2
1056,748A2475,53433A748B2475,,,,2080,12,2,2
1057,748A2475,53255A748B2475,,,,2082,7,2,2
1055,749A2475,53179A749B2475,,,,2079,8,2,2
1055,748A2475,53403A748B2475,,,,2077,8,2,2
1060,748A2475,46826A748B2475,,,,2057,14,2,2
1064,748A2475,54405A748B2475,,,0,2098,16,2,2
1063,748A2475,53528A748B2475,,,,2093,4,2,2
1066,748A2475,37970A748B2475,,,1,,26,2,2
1057,748A2475,53454A748B2475,,,,2094,7,2,2
1068,748A2475,37928A748B2475,,,1,,38,2,2
1060,748A2475,46840A748B2475,,,,2057,14,2,2
1063,748A2475,53515A748B2475,,,,2092,4,2,2
1058,749A2475,53330A749B2475,,,,2087,5,2,2
1070,748A2475,54509A748B2475,,,0,2101,28,2,2
1064,749A2475,37964A749B2475,,,0,,16,2,2
1066,748A2475,37972A748B2475,,,1,,26,2,2
1067,748A2475,57250A748B2475,,,0,,3,2,2
1067,749A2475,57249A749B2475,,,0,,3,2,2
1056,748A2475,53195A748B2475,,,,2080,12,2,2
1072,748A2475,37800A748B2475,,,0,,25,2,2
1063,748A2475,53527A748B2475,,,,2093,4,2,2
1072,748A2475,37801A748B2475,,,1,,39,2,2
1056,748A2475,53199A748B2475,,,,2080,12,2,2
1057,748A2475,53446A748B2475,,,,2094,7,2,2
1063,748A2475,53512A748B2475,,,,2092,4,2,2
1058,748A2475,53310A748B2475,,,,2086,5,2,2
1063,748A2475,53518A748B2475,,,,2092,4,2,2
1067,748A2475,38000A748B2475,,,1,,21,2,2
1060,748A2475,53483A748B2475,,,,2095,14,2,2
1058,748A2475,53471A748B2475,,,,2085,5,2,2
1057,749A2475,53271A749B2475,,,,2083,7,2,2
1064,748A2475,53613A748B2475,,,1,2098,15,2,2
1060,749A2475,46456A749B2475,,,,2090,14,2,2
1058,748A2475,53315A748B2475,,,,2086,5,2,2
1060,748A2475,46823A748B2475,,,,2057,14,2,2
1057,748A2475,53253A748B2475,,,,2082,7,2,2
1058,749A2475,53325A749B2475,,,,2087,5,2,2
1056,748A2475,53202A748B2475,,,,2080,12,2,2
1068,749A2475,37932A749B2475,,,1,,24,2,2
1059,1398A2520,87811A1398B2520,,,1,,18,2,2
1059,1398A2521,87815A1398B2521,,,0,,20,2,2
1056,748A2475,53201A748B2475,,,,2080,12,2,2
1063,748A2475,53535A748B2475,,,,2093,4,2,2
1060,748A2475,46822A748B2475,,,,2057,14,2,2
1060,748A2475,46839A748B2475,,,,2057,14,2,2
1056,749A2475,53247A749B2475,,,,2081,12,2,2
1060,748A2475,53481A748B2475,,,,2095,14,2,2
1063,748A2475,53505A748B2475,,,,2092,4,2,2
1056,748A2475,53425A748B2475,,,,2080,12,2,2
1062,748A2475,37786A748B2475,,,,,40,2,2
1057,749A2475,53279A749B2475,,,,2083,7,2,2
1056,748A2475,53430A748B2475,,,,2080,12,2,2
1058,748A2475,53307A748B2475,,,,2086,5,2,2
1058,749A2475,53337A749B2475,,,,2087,5,2,2
1059,1398A2522,87811A1398B2522,,,1,,18,2,2
1055,748A2475,53147A748B2475,,,,2076,8,2,2
1054,749A2475,53130A749B2475,,,,,11,2,2
1067,748A2475,37981A748B2475,,,0,,3,2,2
1063,748A2475,53507A748B2475,,,,2092,4,2,2
1075,749A2475,57243A749B2475,,,,2103,9,2,2
1055,748A2475,53152A748B2475,,,,2076,8,2,2
1066,748A2475,37977A748B2475,,,0,,41,2,2
1065,748A2475,54464A748B2475,,,0,2099,27,2,2
1059,1398A2521,87814A1398B2521,,,0,,20,2,2
1075,749A2475,54514A749B2475,,,,2103,9,2,2
1060,748A2475,37966A748B2475,,,,2095,14,2,2
1058,748A2475,57241A748B2475,,,,2085,5,2,2
1058,748A2475,53466A748B2475,,,,2085,5,2,2
1055,748A2475,53189A748B2475,,,,2076,8,2,2
1059,1398A2520,87808A1398B2520,,,1,,18,2,2
1067,749A2475,57247A749B2475,,,0,,3,2,2
1057,749A2475,53281A749B2475,,,,2083,7,2,2
1055,748A2475,53402A748B2475,,,,2077,8,2,2
1059,1398A2521,87809A1398B2521,,,1,,22,2,2
1057,748A2475,53256A748B2475,,,,2082,7,2,2
1070,748A2475,37796A748B2475,,,1,2101,33,2,2
1063,748A2475,53524A748B2475,,,,2093,4,2,2
1060,748A2475,46824A748B2475,,,,2057,14,2,2
1059,1398A2522,87808A1398B2522,,,1,,18,2,2
1061,748A2475,37785A748B2475,,,,,42,2,2
1068,748A2475,37792A748B2475,,,1,,38,2,2
1060,749A2475,46458A749B2475,,,,2090,14,2,2
1063,748A2475,53532A748B2475,,,,2093,4,2,2
1057,749A2475,53273A749B2475,,,,2083,7,2,2
1058,748A2475,53469A748B2475,,,,2085,5,2,2
1064,748A2475,37794A748B2475,,,1,,15,2,2
1063,748A2475,53522A748B2475,,,,2093,4,2,2
1063,748A2475,53496A748B2475,,,,2092,4,2,2
1070,748A2475,37936A748B2475,,,0,2101,28,2,2
1058,748A2475,53461A748B2475,,,,2085,5,2,2
1063,748A2475,53494A748B2475,,,,2092,4,2,2
1054,748A2475,i0-frequency_id5772-37778A748B2475,,,,BLOCKfrequency_id5772-37778A748B2475-Vehicle-1,11,2,2
1054,748A2475,i1-frequency_id5772-37778A748B2475,,,,BLOCKfrequency_id5772-37778A748B2475-Vehicle-1,11,2,2
1054,748A2475,i2-frequency_id5772-37778A748B2475,,,,BLOCKfrequency_id5772-37778A748B2475-Vehicle-1,11,2,2
1054,748A2475,i3-frequency_id5772-37778A748B2475,,,,BLOCKfrequency_id5772-37778A748B2475-Vehicle-1,11,2,2
1054,748A2475,i4-frequency_id5772-37778A748B2475,,,,BLOCKfrequency_id5772-37778A748B2475-Vehicle-1,11,2,2
1054,748A2475,i5-frequency_id5772-37778A748B2475,,,,BLOCKfrequency_id5772-37778A748B2475-Vehicle-1,11,2,2
1054,748A2475,i6-frequency_id5772-37778A748B2475,,,,BLOCKfrequency_id5772-37778A748B2475-Vehicle-1,11,2,2
1054,748A2475,i7-frequency_id5772-37778A748B2475,,,,BLOCKfrequency_id5772-37778A748B2475-Vehicle-1,11,2,2
1054,748A2475,i8-frequency_id5772-37778A748B2475,,,,BLOCKfrequency_id5772-37778A748B2475-Vehicle-1,11,2,2
1054,748A2475,i9-frequency_id5772-37778A748B2475,,,,BLOCKfrequency_id5772-37778A748B2475-Vehicle-1,11,2,2
1054,748A2475,i10-frequency_id5772-37778A748B2475,,,,BLOCKfrequency_id5772-37778A748B2475-Vehicle-1,11,2,2
1054,748A2475,i11-frequency_id5772-37778A748B2475,,,,BLOCKfrequency_id5772-37778A748B2475-Vehicle-1,11,2,2
1054,748A2475,i12-frequency_id5772-37778A748B2475,,,,BLOCKfrequency_id5772-37778A748B2475-Vehicle-1,11,2,2
1054,748A2475,i13-frequency_id5772-37778A748B2475,,,,BLOCKfrequency_id5772-37778A748B2475-Vehicle-1,11,2,2
1054,748A2475,i14-frequency_id5772-37778A748B2475,,,,BLOCKfrequency_id5772-37778A748B2475-Vehicle-1,11,2,2
1054,748A2475,i15-frequency_id5772-37778A748B2475,,,,BLOCKfrequency_id5772-37778A748B2475-Vehicle-1,11,2,2
1054,748A2475,i16-frequency_id5772-37778A748B2475,,,,BLOCKfrequency_id5772-37778A748B2475-Vehicle-1,11,2,2
1054,748A2475,i17-frequency_id5772-37778A748B2475,,,,BLOCKfrequency_id5772-37778A748B2475-Vehicle-1,11,2,2
1054,748A2475,i18-frequency_id5772-37778A748B2475,,,,BLOCKfrequency_id5772-37778A748B2475-Vehicle-1,11,2,2
1054,748A2475,i19-frequency_id5772-37778A748B2475,,,,BLOCKfrequency_id5772-37778A748B2475-Vehicle-1,11,2,2
1054,748A2475,i20-frequency_id5772-37778A748B2475,,,,BLOCKfrequency_id5772-37778A748B2475-Vehicle-1,11,2,2
1054,748A2475,i21-frequency_id5772-37778A748B2475,,,,BLOCKfrequency_id5772-37778A748B2475-Vehicle-1,11,2,2
1054,748A2475,i22-frequency_id5772-37778A748B2475,,,,BLOCKfrequency_id5772-37778A748B2475-Vehicle-1,11,2,2
1054,748A2475,i23-frequency_id5772-37778A748B2475,,,,BLOCKfrequency_id5772-37778A748B2475-Vehicle-1,11,2,2
1054,748A2475,i24-frequency_id5772-37778A748B2475,,,,BLOCKfrequency_id5772-37778A748B2475-Vehicle-1,11,2,2
