trip_id,route_id,service_id,trip_headsign,block_id,shape_id
1549,2,2,Inbound,6402,42
1045,14,2,Inbound,4404,75
1885,14,1,Outbound,4405,54
1272,35,2,Outbound,1011,20
935,10,1,Inbound,6812,7
1914,15,1,Inbound,6402,58
1405,1,1,Outbound,1212,35
1720,9,1,Outbound,1201,18
1882,13,3,Inbound,4401,22
2231,35,1,Outbound,1012,5
1312,35,2,Inbound,1012,77
725,33,3,Inbound,6602,81
1307,35,2,Inbound,1011,77
1787,10,3,Inbound,6001,7
1543,2,2,Inbound,6402,42
895,8,2,Inbound,6204,34
1123,16,1,Inbound,6604,19
877,29,1,Inbound,6201,57
421,13,2,Outbound,6203,44
1468,2,1,Outbound,4102,33
455,2,2,Outbound,1202,33
1407,1,1,Outbound,1221,35
543,16,2,Outbound,6603,15
10,2,1,Outbound,6605,33
1939,15,2,Inbound,6401,58
1993,17,2,Outbound,6701,11
114,8,1,Outbound,6201,9
369,8,2,Inbound,6203,34
33,7,1,Outbound,4102,4
1243,18,2,Inbound,6802,28
1106,16,1,Inbound,6602,19
2286,11,2,Outbound,6601,2
1851,12,3,Inbound,6003,25
2213,35,1,Inbound,1012,8
1658,5,2,Inbound,6002,23
1517,2,1,Inbound,6601,42
21,2,1,Outbound,6601,33
1872,13,3,Inbound,4403,22
694,33,3,Outbound,6604,24
1533,2,1,Inbound,6604,42
1320,35,2,Inbound,1012,77
208,16,1,Outbound,6604,43
2218,35,1,Inbound,1011,8
1389,37,1,Inbound,9902,50
2030,20,1,Outbound,9402,67
1926,15,1,Inbound,6422,68
291,7,2,Inbound,4102,0
1075,15,1,Outbound,6401,53
859,29,1,Outbound,6202,61
1318,35,2,Inbound,1012,77
1238,18,2,Outbound,6801,55
2313,11,2,Inbound,6605,3
1346,35,2,Inbound,1012,77
2193,35,1,Inbound,1012,8
363,8,2,Outbound,4404,9
1487,2,1,Inbound,6601,42
1813,12,1,Inbound,6011,46
37,7,1,Outbound,4102,4
203,16,1,Outbound,6604,43
705,33,3,Outbound,6603,24
1098,15,2,Outbound,6402,53
115,8,1,Outbound,6202,9
1111,16,1,Inbound,6602,19
897,8,2,Inbound,4403,34
1037,14,1,Inbound,6204,70
98,8,1,Outbound,4403,9
2086,23,3,Outbound,9901,56
2207,35,1,Inbound,1012,8
347,7,3,Inbound,4101,0
1509,2,1,Inbound,6602,42
592,23,3,Inbound,9901,27
1306,35,2,Inbound,1012,77
1270,35,2,Outbound,1011,20
211,16,1,Outbound,6605,43
1847,12,3,Inbound,6002,25
2210,35,1,Inbound,1011,8
377,8,2,Inbound,4404,34
295,7,2,Inbound,4102,0
460,2,2,Outbound,1201,33
1693,5,1,Inbound,6011,23
1583,5,3,Inbound,6003,23
2028,20,1,Outbound,9405,80
1301,35,2,Inbound,1011,77
1589,7,1,Outbound,4111,4
74,7,1,Inbound,4101,0
188,13,1,Outbound,6201,72
1198,18,1,Outbound,6803,16
2064,20,2,Inbound,9401,10
1134,16,2,Inbound,6601,19
1018,14,1,Outbound,6202,54
101,8,1,Outbound,4406,9
393,8,3,Inbound,4402,34
1241,18,2,Inbound,6802,28
274,7,2,Outbound,4101,4
222,1,2,Outbound,6401,35
2108,36,2,Inbound,4101,66
532,16,1,Outbound,6603,43
1607,7,2,Inbound,4102,0
1247,18,2,Inbound,6802,28
955,10,1,Inbound,6804,7
1661,5,2,Inbound,6002,23
1460,1,3,Inbound,1201,51
1854,13,1,Outbound,6204,72
1715,9,1,Outbound,1202,18
561,16,2,Outbound,6601,15
1690,5,1,Inbound,6002,23
78,7,1,Inbound,4101,0
1599,7,1,Inbound,4122,0
2229,35,1,Outbound,1012,5
517,12,2,Inbound,6002,25
2246,35,1,Outbound,1011,5
1001,13,1,Inbound,4403,63
2334,13,2,Outbound,4401,44
1032,14,1,Inbound,4403,70
1663,5,2,Inbound,6001,23
2137,29,2,Outbound,4301,61
1136,16,2,Inbound,6603,19
979,13,1,Inbound,4405,63
1812,12,1,Inbound,6001,46
278,7,2,Outbound,4101,4
1960,15,3,Inbound,6401,58
2002,17,2,Inbound,6701,12
1510,2,1,Inbound,4104,42
2153,29,2,Inbound,4301,57
861,29,1,Outbound,4402,61
2059,20,2,Outbound,9401,37
1034,14,1,Inbound,4401,70
1504,2,1,Inbound,4101,42
692,33,3,Outbound,6602,24
345,7,3,Inbound,4101,0
589,16,3,Outbound,6603,15
2151,29,2,Inbound,4301,57
2253,35,1,Outbound,1012,5
1743,9,1,Inbound,1222,69
1022,14,1,Outbound,4402,54
1691,5,1,Inbound,6012,23
1631,28,1,Inbound,4201,14
1859,13,3,Outbound,4403,44
1130,16,1,Inbound,6601,19
2162,18,3,Outbound,6802,55
1317,35,2,Inbound,1011,77
986,13,1,Inbound,4402,63
1753,9,2,Outbound,1201,18
1744,9,1,Inbound,1221,69
1278,35,2,Outbound,1011,20
1555,2,3,Inbound,6402,42
1044,14,2,Inbound,4402,75
1751,9,2,Outbound,1201,18
519,12,2,Inbound,6001,25
1837,12,3,Outbound,6003,21
2201,35,1,Inbound,1012,8
466,2,2,Outbound,6403,33
994,13,1,Inbound,6203,63
129,8,1,Inbound,4402,34
130,8,1,Inbound,4403,34
2420,39,1,Inbound,9925,45
1207,18,1,Outbound,6812,74
2075,20,3,Outbound,9401,37
1942,15,3,Outbound,6402,53
480,29,1,Inbound,4407,57
272,7,2,Outbound,4101,4
1779,10,3,Outbound,6002,29
1660,5,2,Inbound,6001,23
1802,12,1,Outbound,6001,21
1160,16,2,Inbound,6603,6
886,8,2,Outbound,6201,9
1387,37,1,Inbound,9922,36
1404,1,1,Outbound,1211,35
171,11,1,Inbound,9403,3
900,8,2,Inbound,4404,34
457,2,2,Outbound,1202,33
179,11,1,Inbound,9401,3
1518,2,1,Inbound,4104,42
1359,23,2,Inbound,9902,27
467,29,1,Outbound,4407,61
894,8,2,Inbound,6202,34
2219,35,1,Inbound,1012,8
872,29,1,Inbound,6202,57
1935,15,2,Inbound,6403,58
1937,15,2,Inbound,6402,58
1081,15,1,Outbound,6401,53
1013,13,2,Inbound,6203,22
2262,35,1,Outbound,1011,5
991,13,1,Inbound,4407,63
2325,11,2,Inbound,6602,3
2196,35,1,Inbound,1011,8
1168,16,3,Inbound,6601,19
973,13,1,Outbound,4406,72
1174,16,3,Inbound,6603,19
276,7,2,Outbound,4101,4
1147,16,2,Inbound,6604,19
1725,9,1,Outbound,1221,18
590,23,3,Inbound,9901,27
2275,11,2,Outbound,6605,2
1818,12,1,Inbound,6001,25
1223,18,1,Inbound,6822,28
1091,15,2,Outbound,6401,53
167,11,1,Inbound,9402,3
1569,5,3,Outbound,6001,1
1997,17,2,Outbound,6701,11
1930,15,2,Inbound,6401,58
235,1,3,Outbound,6403,35
1367,21,1,Outbound,9901,30
928,10,1,Outbound,6804,29
200,14,1,Outbound,4401,54
616,11,1,Outbound,9403,2
1523,2,1,Inbound,6604,42
1291,35,2,Outbound,1012,20
695,33,3,Outbound,6601,24
1868,13,3,Outbound,4404,44
79,7,1,Inbound,4102,0
1429,1,1,Inbound,1202,73
2401,37,1,Inbound,9901,36
502,10,2,Inbound,6003,7
1603,7,1,Inbound,4122,0
1285,35,2,Outbound,1012,20
965,13,1,Outbound,4405,72
1062,14,3,Inbound,4401,75
1116,16,1,Inbound,6602,19
2056,20,2,Outbound,9401,37
223,1,2,Outbound,6402,35
444,14,3,Outbound,4402,48
1678,5,1,Outbound,6001,1
338,7,3,Inbound,4102,0
2000,17,2,Outbound,6701,11
892,8,2,Inbound,4402,34
435,14,2,Outbound,6201,48
513,12,2,Outbound,6001,21
1601,7,1,Inbound,4122,0
1085,15,1,Outbound,6412,53
1645,5,2,Outbound,6001,1
311,7,3,Outbound,4102,4
1149,16,2,Inbound,6601,19
1765,9,2,Inbound,1201,17
67,7,1,Inbound,4102,0
624,23,2,Inbound,9901,27
2299,11,2,Outbound,6604,2
2089,23,2,Outbound,9901,56
1530,2,1,Inbound,4102,42
1079,15,1,Outbound,6401,53
1360,37,1,Outbound,9902,86
1477,2,1,Outbound,4103,33
379,8,3,Outbound,4403,9
2302,11,2,Inbound,6604,3
2403,39,1,Outbound,9916,40
2014,18,1,Inbound,6804,28
2037,20,1,Inbound,9402,10
1783,10,3,Inbound,6003,7
215,16,1,Outbound,6603,43
1244,18,2,Inbound,6801,28
1773,10,3,Outbound,6002,29
1531,2,1,Inbound,6603,42
1825,12,1,Inbound,6021,46
2354,13,2,Inbound,6203,22
359,8,2,Outbound,6202,9
609,11,1,Outbound,9403,2
1439,1,2,Inbound,1202,51
2304,11,2,Inbound,6601,3
891,8,2,Inbound,4405,34
2048,20,1,Inbound,9402,10
952,10,1,Inbound,6801,7
976,13,1,Outbound,4401,72
604,11,1,Outbound,9405,2
1728,9,1,Inbound,1201,69
969,13,1,Outbound,4402,72
1481,2,1,Outbound,4103,33
228,1,2,Outbound,6401,35
525,12,2,Inbound,6001,25
1766,9,2,Inbound,1202,17
1182,16,3,Inbound,6603,19
2295,11,2,Outbound,6605,2
971,13,1,Outbound,4402,72
1235,18,2,Outbound,6802,55
1903,15,1,Inbound,6411,58
1527,2,1,Inbound,6601,42
1948,15,3,Outbound,6402,53
1618,28,1,Outbound,4201,13
2185,35,1,Inbound,1012,8
1452,1,3,Inbound,1201,51
50,7,1,Outbound,4103,4
1455,1,3,Inbound,1201,51
2366,14,2,Outbound,4401,48
277,7,2,Outbound,4102,4
1848,12,3,Inbound,6003,25
2013,18,1,Outbound,6803,16
1289,35,2,Outbound,1012,20
41,7,1,Outbound,4102,4
2021,20,1,Outbound,9403,67
441,14,3,Outbound,4403,48
437,14,2,Outbound,4404,48
930,10,1,Outbound,6804,29
918,10,1,Outbound,6804,29
975,13,1,Outbound,6203,72
1855,13,1,Inbound,6202,63
1345,35,2,Inbound,1011,77
1604,7,2,Outbound,4102,4
1561,2,3,Inbound,6402,42
518,12,2,Inbound,6003,25
1084,15,1,Outbound,6411,53
620,11,1,Outbound,9404,2
1274,35,2,Outbound,1011,20
69,7,1,Inbound,4104,0
154,8,1,Inbound,6204,34
108,8,1,Outbound,4402,9
422,13,2,Outbound,4404,44
713,33,3,Inbound,6602,81
2371,14,2,Inbound,4402,75
1784,10,3,Inbound,6001,7
166,11,1,Inbound,9405,3
1063,14,3,Inbound,4402,75
1880,13,3,Inbound,4403,22
1145,16,2,Inbound,6602,19
201,14,1,Outbound,4403,54
1164,16,3,Inbound,6601,19
1911,15,1,Inbound,6401,58
307,7,2,Inbound,4101,0
1437,1,2,Inbound,1202,51
1629,28,1,Inbound,4211,14
703,33,3,Outbound,6601,24
876,29,1,Inbound,4406,57
339,7,3,Inbound,4101,0
391,8,3,Inbound,4404,34
190,13,1,Outbound,4403,72
1294,35,2,Outbound,1011,20
145,8,1,Inbound,4407,34
2119,36,1,Outbound,4131,79
2046,20,1,Inbound,9405,10
155,8,1,Inbound,4401,34
1252,35,2,Outbound,1011,20
1199,18,1,Outbound,6801,16
2399,21,1,Inbound,9911,32
974,13,1,Outbound,6201,72
617,11,1,Outbound,9401,2
2060,20,2,Outbound,9401,37
1368,21,1,Outbound,9902,30
1686,5,1,Outbound,6021,1
1839,12,3,Outbound,6002,21
1365,37,1,Outbound,9901,39
700,33,3,Outbound,6602,24
425,14,2,Outbound,4404,48
1143,16,2,Inbound,6605,19
1763,9,2,Inbound,1201,17
1760,9,2,Inbound,1202,17
2124,7,1,Outbound,4112,4
1288,35,2,Outbound,1011,20
1673,5,1,Outbound,6002,1
959,33,3,Outbound,6603,24
266,7,2,Outbound,4101,4
411,13,2,Outbound,4401,44
707,33,3,Outbound,6601,24
2116,36,3,Inbound,4131,78
404,10,2,Outbound,6003,29
2111,36,3,Outbound,4131,79
1466,2,1,Outbound,4104,33
943,10,1,Inbound,6804,7
138,8,1,Inbound,6204,34
355,8,2,Outbound,6203,9
2146,29,2,Inbound,4301,57
2244,35,1,Outbound,1011,5
97,8,1,Outbound,4402,9
1219,18,1,Inbound,6803,28
1406,1,1,Outbound,1211,35
2182,35,1,Inbound,1011,8
243,2,3,Outbound,1201,33
1210,18,1,Inbound,6803,28
1414,1,1,Inbound,1211,73
1038,14,1,Inbound,4402,70
1781,10,3,Inbound,6001,7
1617,28,1,Outbound,4201,13
140,8,1,Inbound,4402,34
169,11,1,Inbound,9403,3
2227,35,1,Outbound,1012,5
1016,14,1,Outbound,4407,54
1321,35,2,Inbound,1011,77
270,7,2,Outbound,4101,4
364,8,2,Inbound,4402,34
1692,5,1,Inbound,6001,23
1356,23,2,Inbound,9902,27
1734,9,1,Inbound,1201,69
1319,35,2,Inbound,1011,77
1635,28,1,Inbound,4221,14
559,16,2,Outbound,6604,15
1528,2,1,Inbound,4101,42
2284,11,2,Outbound,6604,2
337,7,3,Inbound,4101,0
1157,16,2,Inbound,6604,19
1380,21,1,Inbound,9902,32
1702,5,1,Inbound,6002,23
1086,15,1,Outbound,6422,53
283,7,2,Inbound,4102,0
158,11,1,Inbound,9401,3
35,7,1,Outbound,4104,4
2306,11,2,Inbound,6603,3
117,8,1,Outbound,6204,9
1798,12,1,Outbound,6001,21
1965,17,1,Outbound,6701,41
2206,35,1,Inbound,1011,8
1830,12,3,Outbound,6002,21
599,11,1,Outbound,9404,2
908,10,1,Outbound,6812,29
1260,35,2,Outbound,1011,20
1340,35,2,Inbound,1012,77
1061,14,3,Inbound,4404,75
1794,12,1,Outbound,6002,52
1774,10,3,Outbound,6003,29
406,10,2,Outbound,6002,29
1906,15,1,Inbound,6402,58
1332,35,2,Inbound,1012,77
1329,35,2,Inbound,1011,77
554,16,2,Outbound,6604,15
250,2,3,Outbound,1201,33
354,8,2,Outbound,6201,9
2147,29,2,Inbound,4301,57
105,8,1,Outbound,6203,9
248,2,3,Outbound,1201,33
1501,2,1,Inbound,6603,42
1593,7,1,Outbound,4122,4
1739,9,1,Inbound,1202,69
1705,5,1,Inbound,6001,23
2100,36,1,Inbound,4131,78
1761,9,2,Inbound,1201,17
1638,28,1,Inbound,4221,14
349,7,3,Inbound,4101,0
287,7,2,Inbound,4102,0
1525,2,1,Inbound,6605,42
1898,14,1,Inbound,4407,70
264,7,2,Outbound,4101,4
1119,16,1,Inbound,6605,19
987,13,1,Inbound,4403,63
396,8,3,Inbound,4401,34
983,13,1,Inbound,4407,63
940,10,1,Inbound,6801,7
373,8,2,Inbound,6202,34
495,10,2,Inbound,6002,7
2069,20,2,Inbound,9402,10
506,12,2,Outbound,6003,21
17,2,1,Outbound,6602,33
1459,1,3,Inbound,1201,51
852,29,1,Outbound,4406,61
2055,20,2,Outbound,9402,37
439,14,3,Outbound,4401,48
1789,10,3,Inbound,6003,7
1430,1,1,Inbound,1221,73
2363,14,2,Outbound,6203,48
1936,15,2,Inbound,6401,58
1480,2,1,Outbound,4102,33
1821,12,1,Inbound,6002,25
621,23,2,Inbound,9901,27
1806,12,1,Outbound,6001,52
65,7,1,Inbound,4104,0
1399,1,1,Outbound,1201,35
558,16,2,Outbound,6603,15
1788,10,3,Inbound,6002,7
2152,29,2,Inbound,4301,57
268,7,2,Outbound,4101,4
361,8,2,Outbound,6201,9
2251,35,1,Outbound,1012,5
1732,9,1,Inbound,1201,69
410,13,2,Outbound,4404,71
1951,15,3,Outbound,6402,59
1625,28,1,Inbound,4211,14
1374,21,1,Outbound,9921,30
1190,18,1,Outbound,6801,16
2387,18,3,Inbound,6801,28
334,7,3,Inbound,4102,0
1899,14,1,Inbound,6201,70
2320,11,2,Inbound,6602,3
1484,2,1,Outbound,4102,33
2189,35,1,Inbound,1012,8
2184,35,1,Inbound,1011,8
1161,16,2,Inbound,6603,62
2080,20,3,Inbound,9401,10
1236,18,2,Outbound,6801,55
409,10,2,Outbound,6002,29
2079,20,3,Inbound,9401,10
305,7,2,Inbound,4102,0
531,16,1,Outbound,6601,43
446,14,3,Outbound,4404,48
1077,15,1,Outbound,6401,53
2340,13,2,Outbound,6203,44
2400,21,1,Outbound,9901,30
1636,28,1,Inbound,4221,14
1426,1,1,Inbound,1221,73
1697,5,1,Inbound,6001,23
2319,11,2,Inbound,6601,3
184,11,1,Inbound,9404,3
921,10,1,Outbound,6802,29
55,7,1,Outbound,4102,4
587,16,3,Outbound,6601,15
720,33,3,Inbound,6601,81
2012,17,2,Inbound,6701,12
1628,28,1,Inbound,4211,14
2297,11,2,Outbound,6602,2
330,7,3,Inbound,4102,0
191,13,1,Outbound,4402,72
1987,17,1,Inbound,6701,12
1613,28,1,Outbound,4211,13
1809,12,1,Outbound,6001,52
1815,12,1,Inbound,6012,46
1759,9,2,Inbound,1201,17
992,13,1,Inbound,6201,63
995,13,1,Inbound,6204,63
2245,35,1,Outbound,1012,5
157,11,1,Inbound,9405,3
75,7,1,Inbound,4102,0
1804,12,1,Outbound,6002,52
450,2,1,Outbound,6604,33
492,29,1,Inbound,4407,57
1832,12,3,Outbound,6001,21
1730,9,1,Inbound,1201,69
2249,35,1,Outbound,1012,5
1376,21,1,Inbound,9902,32
1227,18,1,Inbound,6821,64
28,2,1,Outbound,6603,33
2364,14,2,Outbound,6204,48
2049,20,1,Inbound,9403,10
1611,28,1,Outbound,4211,13
2191,35,1,Inbound,1012,8
1522,2,1,Inbound,4102,42
59,7,1,Outbound,4101,4
890,8,2,Inbound,4403,34
2061,20,2,Inbound,9401,10
1516,2,1,Inbound,4103,42
1251,35,2,Outbound,1012,20
2226,35,1,Outbound,1011,5
1101,16,1,Inbound,6602,19
366,8,2,Inbound,4401,34
956,10,1,Inbound,6803,7
522,12,2,Inbound,6001,25
970,13,1,Outbound,4404,72
2263,35,1,Outbound,1012,5
1371,21,1,Outbound,9922,30
1550,2,3,Inbound,6403,42
309,7,3,Outbound,4102,4
1097,15,2,Outbound,6401,53
328,7,3,Outbound,4101,4
2347,13,2,Inbound,4405,22
1218,18,1,Inbound,6802,28
38,7,1,Outbound,4103,4
1107,16,1,Inbound,6603,19
1719,9,1,Outbound,1202,18
2241,35,1,Outbound,1012,5
1342,35,2,Inbound,1012,77
1240,18,2,Inbound,6801,28
47,7,1,Outbound,4104,4
281,7,2,Outbound,4101,4
2125,7,1,Inbound,4112,0
2274,37,1,Inbound,9924,36
708,33,3,Inbound,6601,81
1473,2,1,Outbound,4103,33
1151,16,2,Inbound,6603,19
1703,5,1,Inbound,6001,23
1698,5,1,Inbound,6002,23
2358,14,2,Outbound,4402,48
922,10,1,Outbound,6804,29
1259,35,2,Outbound,1012,20
602,11,1,Outbound,9405,2
1470,2,1,Outbound,4104,33
1357,23,2,Inbound,9902,27
2024,20,1,Outbound,9405,67
1680,5,1,Outbound,6001,1
574,16,3,Outbound,6604,15
1379,21,1,Inbound,9901,32
1677,5,1,Outbound,6002,1
1253,35,2,Outbound,1012,20
1857,13,1,Inbound,6204,63
1695,5,1,Inbound,6001,23
882,8,2,Outbound,6202,9
1767,9,2,Inbound,1201,17
1984,17,1,Inbound,6701,12
269,7,2,Outbound,4102,4
2390,18,3,Inbound,6802,28
462,2,2,Outbound,1201,33
966,13,1,Outbound,4407,72
546,16,2,Outbound,6601,15
1704,5,1,Inbound,6002,23
1877,13,3,Inbound,4404,22
534,16,1,Outbound,6602,43
1995,17,2,Outbound,6701,11
905,10,1,Outbound,6803,29
562,16,2,Outbound,6602,15
111,8,1,Outbound,4405,9
2381,14,2,Inbound,4403,75
1545,2,2,Inbound,6401,42
1386,37,1,Inbound,9921,36
1493,2,1,Inbound,6604,42
1840,12,3,Outbound,6003,21
1209,18,1,Inbound,6802,28
1716,9,1,Outbound,1201,18
2337,13,2,Outbound,4404,44
1500,2,1,Inbound,4103,42
1580,5,3,Inbound,6003,23
1017,14,1,Outbound,6201,54
1298,35,2,Outbound,1011,20
478,29,1,Outbound,4405,61
1127,16,1,Inbound,6603,19
1256,35,2,Outbound,1011,20
1073,15,1,Outbound,6401,53
273,7,2,Outbound,4102,4
39,7,1,Outbound,4104,4
1381,21,1,Inbound,9901,32
1004,13,2,Inbound,4403,22
1564,5,3,Outbound,6002,1
104,8,1,Outbound,6202,9
1099,15,2,Outbound,6403,53
187,13,1,Outbound,4407,72
80,7,1,Inbound,4103,0
504,10,2,Inbound,6002,7
2183,35,1,Inbound,1012,8
2303,11,2,Inbound,6605,3
54,7,1,Outbound,4101,4
526,12,2,Inbound,6002,25
1176,16,3,Inbound,6601,19
881,8,2,Outbound,4404,9
1864,13,3,Outbound,4404,44
1024,14,1,Outbound,4404,54
1922,15,1,Inbound,6401,58
1971,17,1,Outbound,6701,41
331,7,3,Inbound,4101,0
1515,2,1,Inbound,6605,42
1436,1,2,Inbound,1201,51
545,16,2,Outbound,6605,15
2352,13,2,Inbound,6201,22
61,7,1,Outbound,4101,4
232,1,2,Outbound,6402,35
904,8,3,Inbound,4404,34
2082,20,3,Inbound,9401,10
1315,35,2,Inbound,1011,77
308,7,2,Inbound,4101,0
920,10,1,Outbound,6804,29
1590,7,1,Outbound,4121,4
1088,15,1,Outbound,6422,53
2287,11,2,Outbound,6602,2
1135,16,2,Inbound,6602,19
903,8,3,Outbound,4404,9
2261,35,1,Outbound,1012,5
1378,21,1,Inbound,9913,32
2202,35,1,Inbound,1011,8
982,13,1,Inbound,4406,63
343,7,3,Inbound,4101,0
2316,11,2,Inbound,6603,3
148,8,1,Inbound,6203,34
16,2,1,Outbound,6601,33
614,11,1,Outbound,9402,2
1976,17,1,Outbound,6701,41
1140,16,2,Inbound,6602,19
258,7,2,Outbound,4101,4
888,8,2,Outbound,4404,9
1989,17,1,Inbound,6701,12
2276,11,2,Outbound,6601,2
1785,10,3,Inbound,6002,7
1427,1,1,Inbound,1201,73
1909,15,1,Inbound,6412,58
485,29,1,Inbound,4404,57
1257,35,2,Outbound,1012,20
26,2,1,Outbound,6601,33
1167,16,3,Inbound,6604,19
2105,36,2,Outbound,4131,79
1626,28,1,Inbound,4211,14
689,33,3,Outbound,6603,24
2256,35,1,Outbound,1011,5
1131,16,1,Inbound,6602,6
584,16,3,Outbound,6602,15
1254,35,2,Outbound,1011,20
2194,35,1,Inbound,1011,8
1756,9,2,Outbound,1202,18
1647,5,2,Outbound,6003,1
96,8,1,Outbound,4401,9
2410,39,1,Outbound,9926,60
997,13,1,Inbound,4402,63
509,12,2,Outbound,6003,21
262,7,2,Outbound,4101,4
1662,5,2,Inbound,6003,23
1526,2,1,Inbound,4104,42
934,10,1,Inbound,6801,7
244,2,3,Outbound,1201,33
2394,23,3,Inbound,9902,27
52,7,1,Outbound,4101,4
1943,15,3,Outbound,6403,53
1975,17,1,Outbound,6701,41
1520,2,1,Inbound,4101,42
1668,5,1,Outbound,6011,1
1265,35,2,Outbound,1012,20
1203,18,1,Outbound,6821,16
1594,7,1,Inbound,4102,0
2113,36,3,Outbound,4131,79
1674,5,1,Outbound,6001,1
1990,17,1,Inbound,6701,12
412,13,2,Outbound,4403,44
1688,5,1,Outbound,6021,1
1726,9,1,Outbound,1222,18
1262,35,2,Outbound,1011,20
1383,37,1,Inbound,9901,36
2045,20,1,Inbound,9403,10
1891,14,1,Inbound,6204,70
932,10,1,Inbound,6803,7
448,14,3,Outbound,4402,48
858,29,1,Outbound,4407,61
131,8,1,Inbound,4404,34
227,1,2,Outbound,6403,35
1799,12,1,Outbound,6002,21
458,2,2,Outbound,1201,33
2155,29,2,Inbound,4301,57
1521,2,1,Inbound,6603,42
1605,7,2,Outbound,4102,4
1169,16,3,Inbound,6602,19
1094,15,2,Outbound,6401,53
321,7,3,Outbound,4102,4
1172,16,3,Inbound,6601,19
1372,21,1,Outbound,9902,30
2120,36,2,Inbound,4131,78
1039,14,1,Inbound,4404,70
256,7,2,Outbound,4101,4
1653,5,2,Outbound,6003,1
1331,35,2,Inbound,1011,77
613,11,1,Outbound,9404,2
1711,9,1,Outbound,1202,18
850,7,3,Inbound,4101,0
701,33,3,Outbound,6603,24
1701,5,1,Inbound,6001,23
1398,1,1,Outbound,1202,35
1579,5,3,Inbound,6002,23
2292,11,2,Outbound,6602,2
1962,15,3,Inbound,6403,58
2237,35,1,Outbound,1012,5
1472,2,1,Outbound,4102,33
2204,35,1,Inbound,1011,8
183,11,1,Inbound,9401,3
854,29,1,Outbound,6203,61
1191,18,1,Outbound,6802,16
1682,5,1,Outbound,6001,1
1424,1,1,Inbound,1201,73
2335,13,2,Outbound,4402,44
1570,5,3,Outbound,6002,1
4,2,1,Outbound,6604,33
1385,37,1,Inbound,9901,36
1053,14,2,Inbound,6202,75
1449,1,2,Inbound,6403,51
383,8,3,Outbound,4403,9
2386,18,3,Inbound,6802,28
260,7,2,Outbound,4101,4
1462,1,3,Inbound,1201,51
1093,15,2,Outbound,6403,53
1025,14,1,Outbound,4405,54
453,2,2,Outbound,1202,33
1233,18,2,Outbound,6802,55
1112,16,1,Inbound,6603,19
2007,17,2,Inbound,6701,12
1064,14,3,Inbound,4403,75
473,29,1,Outbound,4406,61
322,7,3,Outbound,4101,4
358,8,2,Outbound,4404,9
165,11,1,Inbound,9401,3
2385,18,3,Inbound,6801,28
1887,14,1,Inbound,4404,70
1229,18,2,Outbound,6802,55
1476,2,1,Outbound,4102,33
1639,28,1,Inbound,4221,14
386,8,3,Outbound,4402,9
2232,35,1,Outbound,1011,5
702,33,3,Outbound,6604,24
1232,18,2,Outbound,6801,55
1314,35,2,Inbound,1012,77
865,29,1,Inbound,4406,57
1196,18,1,Outbound,6801,16
2091,23,2,Outbound,9901,56
297,7,2,Inbound,4102,0
1121,16,1,Inbound,6602,19
407,10,2,Outbound,6003,29
938,10,1,Inbound,6803,7
1949,15,3,Outbound,6403,53
456,2,2,Outbound,1201,33
2005,17,2,Inbound,6701,12
2035,20,1,Inbound,9404,10
503,10,2,Inbound,6001,7
2380,14,2,Inbound,4402,75
110,8,1,Outbound,4404,9
1035,14,1,Inbound,4402,70
2283,11,2,Outbound,6603,2
2136,29,2,Outbound,4301,61
403,10,2,Outbound,6002,29
539,16,1,Outbound,6602,43
195,14,1,Outbound,4404,54
1933,15,2,Inbound,6401,58
1178,16,3,Inbound,6603,19
1846,12,3,Inbound,6001,25
1687,5,1,Outbound,6022,1
301,7,2,Inbound,4102,0
353,8,2,Outbound,4403,9
1609,7,2,Inbound,4102,0
1280,35,2,Outbound,1011,20
1002,13,2,Inbound,4404,22
951,10,1,Inbound,6822,7
2135,20,1,Inbound,9405,10
1529,2,1,Inbound,6602,42
1177,16,3,Inbound,6602,19
1748,9,2,Outbound,1202,18
933,10,1,Inbound,6811,7
1551,2,3,Inbound,6401,42
1950,15,3,Outbound,6401,53
1833,12,3,Outbound,6002,21
1491,2,1,Inbound,6603,42
2156,29,2,Inbound,4301,57
1852,13,1,Outbound,6202,72
1096,15,2,Outbound,6403,53
1598,7,1,Inbound,4121,0
608,11,1,Outbound,9401,2
2372,14,2,Inbound,4403,75
569,16,3,Outbound,6603,15
714,33,3,Inbound,6603,81
1634,28,1,Inbound,4201,14
1637,28,1,Inbound,4221,14
46,7,1,Outbound,4103,4
1261,35,2,Outbound,1012,20
1667,5,2,Inbound,6002,23
2133,18,1,Inbound,6802,28
1556,2,3,Inbound,6403,42
849,7,3,Inbound,4102,0
1869,13,3,Outbound,4401,44
1322,35,2,Inbound,1012,77
1187,16,3,Inbound,6604,19
1362,37,1,Outbound,9913,39
135,8,1,Inbound,6201,34
1793,12,1,Outbound,6011,52
863,29,1,Outbound,4406,61
2157,18,3,Outbound,6801,55
62,7,1,Inbound,4101,0
594,11,1,Outbound,9401,2
489,29,1,Inbound,4401,57
610,11,1,Outbound,9402,2
1482,2,1,Outbound,4104,33
238,1,3,Outbound,6403,35
1375,38,1,Outbound,9924,31
880,8,2,Outbound,4402,9
1807,12,1,Outbound,6022,52
1394,1,1,Outbound,1202,35
163,11,1,Inbound,9404,3
1144,16,2,Inbound,6601,19
401,10,2,Outbound,6003,29
34,7,1,Outbound,4103,4
174,11,1,Inbound,9402,3
1974,17,1,Outbound,6701,41
1918,15,1,Inbound,6401,58
261,7,2,Outbound,4102,4
1124,16,1,Inbound,6605,19
1861,13,3,Outbound,4401,44
1205,18,1,Outbound,6822,16
1902,14,2,Inbound,4403,76
1685,5,1,Outbound,6022,1
2063,20,2,Inbound,9401,10
1958,15,3,Inbound,6402,58
1557,2,3,Inbound,6401,42
1676,5,1,Outbound,6001,1
2383,18,3,Inbound,6801,28
2148,29,2,Inbound,4301,57
374,8,2,Inbound,6204,34
1417,1,1,Inbound,1201,73
2289,11,2,Outbound,6604,2
2036,20,1,Inbound,9401,10
2051,20,2,Outbound,9402,37
1808,12,1,Outbound,6002,52
927,10,1,Outbound,6802,29
1492,2,1,Inbound,4103,42
2331,13,2,Outbound,6203,44
1456,1,3,Inbound,1201,51
1153,16,2,Inbound,6605,19
1770,10,3,Outbound,6002,29
1159,16,2,Inbound,6601,6
953,10,1,Inbound,6821,7
134,8,1,Inbound,4407,34
126,8,1,Inbound,4404,34
252,2,3,Outbound,1201,33
2309,11,2,Inbound,6601,3
2098,20,1,Outbound,9402,67
1416,1,1,Inbound,1212,73
1572,5,3,Outbound,6001,1
265,7,2,Outbound,4102,4
1616,28,1,Outbound,4201,13
29,7,1,Outbound,4102,4
240,1,3,Outbound,6402,35
218,16,1,Outbound,6601,43
1999,17,2,Outbound,6701,11
1980,17,1,Inbound,6701,12
580,16,3,Outbound,6602,15
2143,29,2,Outbound,4301,61
233,1,3,Outbound,6401,35
699,33,3,Outbound,6601,24
1665,5,2,Inbound,6003,23
944,10,1,Inbound,6803,7
1746,9,2,Outbound,1202,18
84,7,1,Inbound,4103,0
2344,13,2,Inbound,6202,22
910,10,1,Outbound,6804,29
2406,39,1,Outbound,9916,40
919,10,1,Outbound,6801,29
1536,2,1,Inbound,6602,42
2040,20,1,Inbound,9402,10
381,8,3,Outbound,4401,9
1876,13,3,Inbound,4403,22
300,7,2,Inbound,4101,0
1343,35,2,Inbound,1011,77
2402,39,1,Outbound,9915,40
226,1,2,Outbound,6402,35
1925,15,1,Inbound,6401,58
2195,35,1,Inbound,1012,8
498,10,2,Inbound,6002,7
1723,9,1,Outbound,1212,18
529,16,1,Outbound,6602,43
1769,10,3,Outbound,6001,29
548,16,2,Outbound,6603,15
1364,37,1,Outbound,9902,39
1681,5,1,Outbound,6002,1
1258,35,2,Outbound,1011,20
335,7,3,Inbound,4101,0
2214,35,1,Inbound,1011,8
1998,17,2,Outbound,6701,11
2127,11,1,Outbound,9404,2
2259,35,1,Outbound,1012,5
77,7,1,Inbound,4104,0
1764,9,2,Inbound,1202,17
2050,20,2,Outbound,9401,38
304,7,2,Inbound,4101,0
1108,16,1,Inbound,6604,19
1727,9,1,Inbound,1202,69
2167,18,3,Outbound,6801,55
445,14,3,Outbound,4403,48
2327,11,2,Inbound,6604,3
515,12,2,Outbound,6003,21
142,8,1,Inbound,4404,34
1643,8,2,Inbound,6204,34
1092,15,2,Outbound,6402,53
887,8,2,Outbound,6203,9
1271,35,2,Outbound,1012,20
2322,11,2,Inbound,6604,3
63,7,1,Inbound,4102,0
1071,15,1,Outbound,6401,53
1828,12,1,Inbound,6002,46
398,8,3,Inbound,4403,34
25,2,1,Outbound,6605,33
1844,12,3,Inbound,6002,25
993,13,1,Inbound,6202,63
1858,13,3,Outbound,4402,71
2333,13,2,Outbound,4405,44
1897,14,1,Inbound,4406,70
60,7,1,Outbound,4101,4
1228,18,2,Outbound,6801,55
465,2,2,Outbound,6403,33
2409,39,1,Outbound,9925,60
1953,15,3,Inbound,6403,58
909,10,1,Outbound,6802,29
317,7,3,Outbound,4102,4
182,11,1,Inbound,9405,3
89,7,1,Inbound,4102,0
1865,13,3,Outbound,4401,44
2123,7,1,Outbound,4112,4
490,29,1,Inbound,4403,57
901,8,2,Inbound,6202,34
1941,15,3,Outbound,6401,53
597,11,1,Outbound,9405,2
2138,29,2,Outbound,4301,61
302,7,2,Inbound,4101,0
2336,13,2,Outbound,4403,44
1718,9,1,Outbound,1201,18
1279,35,2,Outbound,1012,20
1408,1,1,Outbound,1222,35
528,16,1,Outbound,6605,43
1478,2,1,Outbound,4104,33
549,16,2,Outbound,6604,15
691,33,3,Outbound,6601,24
1582,5,3,Inbound,6002,23
2228,35,1,Outbound,1011,5
48,7,1,Outbound,4101,4
1558,2,3,Inbound,6402,42
1308,35,2,Inbound,1012,77
2192,35,1,Inbound,1011,8
313,7,3,Outbound,4102,4
1444,1,2,Inbound,1201,51
1934,15,2,Inbound,6402,58
1000,13,1,Inbound,4401,63
1983,17,1,Inbound,6701,12
2032,20,1,Inbound,9401,82
1083,15,1,Outbound,6421,59
1986,17,1,Inbound,6701,12
1940,15,3,Outbound,6403,53
306,7,2,Inbound,4101,0
2115,36,3,Inbound,4131,78
1612,28,1,Outbound,4211,13
2070,20,2,Inbound,9402,10
1330,35,2,Inbound,1012,77
1912,15,1,Inbound,6402,58
2114,18,2,Inbound,6801,28
23,2,1,Outbound,6603,33
217,16,1,Outbound,6602,43
1138,16,2,Inbound,6605,19
234,1,3,Outbound,6402,35
2373,14,2,Inbound,4404,75
2252,35,1,Outbound,1011,5
1706,5,1,Inbound,6022,23
2216,35,1,Inbound,1011,8
540,16,1,Outbound,6604,43
722,33,3,Inbound,6603,81
484,29,1,Inbound,4402,57
443,14,3,Outbound,4401,48
469,29,1,Outbound,6202,61
43,7,1,Outbound,4104,4
2126,11,1,Outbound,9402,2
2235,35,1,Outbound,1012,5
1087,15,1,Outbound,6421,53
1929,15,2,Inbound,6403,58
18,2,1,Outbound,6603,33
1689,5,1,Inbound,6011,23
2311,11,2,Inbound,6603,3
488,29,1,Inbound,6203,57
1192,18,1,Outbound,6803,16
718,33,3,Inbound,6603,81
452,2,2,Outbound,1201,33
2266,35,1,Outbound,1011,5
9,2,1,Outbound,6604,33
253,2,3,Outbound,1201,33
1615,28,1,Outbound,4201,13
1586,7,1,Outbound,4102,4
1056,14,3,Outbound,4403,48
1137,16,2,Inbound,6604,19
254,7,2,Outbound,4101,4
1652,5,2,Outbound,6002,1
1863,13,3,Outbound,4403,44
289,7,2,Inbound,4102,0
1721,9,1,Outbound,1202,18
2154,29,2,Inbound,4301,57
1410,1,1,Outbound,1202,35
1031,14,1,Inbound,4401,70
1324,35,2,Inbound,1012,77
1100,15,2,Outbound,6401,53
2001,17,2,Outbound,6701,11
1020,14,1,Outbound,6204,54
1234,18,2,Outbound,6801,55
2258,35,1,Outbound,1011,5
1571,5,3,Outbound,6003,1
73,7,1,Inbound,4104,0
939,10,1,Inbound,6804,7
1027,14,1,Outbound,4407,54
1117,16,1,Inbound,6603,19
293,7,2,Inbound,4102,0
1277,35,2,Outbound,1012,20
1441,1,2,Inbound,1202,51
1115,16,1,Inbound,6601,19
1065,14,3,Inbound,4404,75
1066,14,3,Inbound,4401,75
168,11,1,Inbound,9405,3
1443,1,2,Inbound,1202,51
1585,5,3,Inbound,6002,23
2382,18,3,Inbound,6802,28
2345,13,2,Inbound,6203,22
205,16,1,Outbound,6603,43
715,33,3,Inbound,6604,81
402,10,2,Outbound,6001,29
2234,35,1,Outbound,1011,5
2,2,1,Outbound,6602,33
1310,35,2,Inbound,1012,77
1883,14,1,Outbound,4401,54
726,33,3,Inbound,6603,81
198,14,1,Outbound,4402,54
2374,14,2,Inbound,6201,75
1428,1,1,Inbound,1222,73
1409,1,1,Outbound,1221,35
2129,11,1,Outbound,9404,2
7,2,1,Outbound,6602,33
1300,35,2,Inbound,1012,77
113,8,1,Outbound,4407,9
279,7,2,Outbound,4101,4
1450,1,2,Inbound,6403,51
1581,5,3,Inbound,6001,23
1266,35,2,Outbound,1011,20
151,8,1,Inbound,4402,34
1156,16,2,Inbound,6603,19
1894,14,1,Inbound,4403,70
173,11,1,Inbound,9403,3
1548,2,2,Inbound,6401,42
459,2,2,Outbound,1202,33
1905,15,1,Inbound,6412,58
143,8,1,Inbound,4405,34
1057,14,3,Inbound,4404,75
1058,14,3,Inbound,4401,75
31,7,1,Outbound,4104,4
1390,37,1,Inbound,9923,50
1797,12,1,Outbound,6002,52
698,33,3,Outbound,6604,24
2255,35,1,Outbound,1012,5
516,12,2,Inbound,6001,26
2099,36,1,Inbound,4101,66
875,29,1,Inbound,4404,57
1985,17,1,Inbound,6701,12
2034,20,1,Inbound,9403,82
1442,1,2,Inbound,1201,51
552,16,2,Outbound,6602,15
395,8,3,Inbound,4404,34
1671,5,1,Outbound,6001,1
392,8,3,Inbound,4401,34
1388,37,1,Inbound,9921,36
511,12,2,Outbound,6002,21
1213,18,1,Inbound,6803,28
121,8,1,Outbound,4404,9
1945,15,3,Outbound,6402,53
324,7,3,Outbound,4101,4
2290,11,2,Outbound,6605,2
434,14,2,Outbound,6204,48
1656,5,2,Inbound,6003,23
42,7,1,Outbound,4103,4
1640,8,1,Outbound,4402,9
1547,2,2,Inbound,6403,42
2140,29,2,Outbound,4301,61
1805,12,1,Outbound,6021,52
2053,20,2,Outbound,9402,37
1382,21,1,Inbound,9902,32
573,16,3,Outbound,6603,15
119,8,1,Outbound,4402,9
1563,5,3,Outbound,6001,1
1222,18,1,Inbound,6812,28
481,29,1,Inbound,4407,57
2215,35,1,Inbound,1012,8
1217,18,1,Inbound,6801,28
1231,18,2,Outbound,6802,55
1451,1,3,Inbound,1201,51
1290,35,2,Outbound,1011,20
2279,11,2,Outbound,6604,2
893,8,2,Inbound,4404,34
162,11,1,Inbound,9403,3
949,10,1,Inbound,6804,7
1919,15,1,Inbound,6422,58
2106,36,2,Outbound,4131,79
724,33,3,Inbound,6601,81
144,8,1,Inbound,4406,34
977,13,1,Outbound,4403,72
1970,17,1,Outbound,6701,41
257,7,2,Outbound,4102,4
2038,20,1,Inbound,9403,10
1737,9,1,Inbound,1202,69
247,2,3,Outbound,1201,33
1423,1,1,Inbound,1202,73
947,10,1,Inbound,6804,7
1184,16,3,Inbound,6601,19
1015,14,1,Outbound,6604,54
2396,23,3,Inbound,9902,27
1146,16,2,Inbound,6603,19
864,29,1,Outbound,6201,61
1284,35,2,Outbound,1011,20
314,7,3,Outbound,4101,4
1336,35,2,Inbound,1012,77
1778,10,3,Outbound,6001,29
2328,11,2,Inbound,6605,3
245,2,3,Outbound,1201,33
2104,36,1,Outbound,4131,79
2411,39,1,Outbound,9927,60
1669,5,1,Outbound,6002,1
1012,13,2,Inbound,6201,22
292,7,2,Inbound,4101,0
704,33,3,Outbound,6602,24
510,12,2,Outbound,6001,21
1782,10,3,Inbound,6002,7
242,1,3,Outbound,6401,35
387,8,3,Outbound,4403,9
619,11,1,Outbound,9401,2
2058,20,2,Outbound,9401,37
58,7,1,Outbound,4101,4
147,8,1,Inbound,6202,34
1758,9,2,Inbound,1202,17
581,16,3,Outbound,6603,15
326,7,3,Outbound,4101,4
2047,20,1,Inbound,9404,10
1600,7,1,Inbound,4121,0
380,8,3,Outbound,4404,9
2375,14,2,Inbound,6202,75
128,8,1,Inbound,4401,34
2419,39,1,Inbound,9927,45
1366,37,1,Outbound,9902,39
1074,15,1,Outbound,6402,53
1507,2,1,Inbound,6601,42
1904,15,1,Inbound,6401,58
1819,12,1,Inbound,6002,25
2071,20,2,Inbound,9402,10
2369,14,2,Inbound,4405,75
408,10,2,Outbound,6001,29
2142,29,2,Outbound,4301,61
570,16,3,Outbound,6604,15
1438,1,2,Inbound,1201,51
296,7,2,Inbound,4101,0
224,1,2,Outbound,6403,35
2158,18,3,Outbound,6802,55
1296,35,2,Outbound,1011,20
1651,5,2,Outbound,6001,1
1392,1,1,Outbound,1202,35
1878,13,3,Inbound,4401,22
896,8,2,Inbound,4401,34
1054,14,2,Inbound,6204,75
424,14,2,Outbound,4402,48
870,29,1,Inbound,4405,57
1672,5,1,Outbound,6011,1
957,10,1,Inbound,6804,7
2288,11,2,Outbound,6603,2
999,13,1,Inbound,4404,63
251,2,3,Outbound,1201,33
942,10,1,Inbound,6802,7
1237,18,2,Outbound,6802,55
2177,35,1,Inbound,1012,8
132,8,1,Inbound,4405,34
605,11,1,Outbound,9403,2
1649,5,2,Outbound,6002,1
1422,1,1,Inbound,1201,73
159,11,1,Inbound,9405,3
1421,1,1,Inbound,1202,73
2150,29,2,Inbound,4301,57
348,7,3,Inbound,4102,0
2199,35,1,Inbound,1012,8
1154,16,2,Inbound,6601,19
985,13,1,Inbound,4401,63
36,7,1,Outbound,4101,4
1052,14,2,Inbound,4404,75
855,29,1,Outbound,4401,61
231,1,2,Outbound,6401,35
1216,18,1,Inbound,6803,28
2023,20,1,Outbound,9401,67
1792,12,1,Outbound,6001,52
847,7,3,Outbound,4101,4
716,33,3,Inbound,6601,81
1446,1,2,Inbound,1201,51
112,8,1,Outbound,4406,9
357,8,2,Outbound,4402,9
1401,1,1,Outbound,1201,35
575,16,3,Outbound,6601,15
2078,20,3,Inbound,9401,10
294,7,2,Inbound,4101,0
1866,13,3,Outbound,4402,44
1215,18,1,Inbound,6802,28
486,29,1,Inbound,4406,57
1534,2,1,Inbound,6605,42
1180,16,3,Inbound,6601,19
344,7,3,Inbound,4102,0
1197,18,1,Outbound,6802,16
1754,9,2,Outbound,1202,18
1938,15,2,Inbound,6403,58
625,23,2,Inbound,9901,27
209,16,1,Outbound,6601,43
2376,14,2,Inbound,6203,75
56,7,1,Outbound,4101,4
578,16,3,Outbound,6604,15
1434,1,1,Inbound,6604,85
1955,15,3,Inbound,6402,58
2240,35,1,Outbound,1011,5
2269,35,1,Outbound,1012,5
907,10,1,Outbound,6801,29
954,10,1,Inbound,6802,7
1202,18,1,Outbound,6811,16
1042,14,2,Outbound,6403,48
874,29,1,Inbound,4402,57
514,12,2,Outbound,6002,21
1552,2,3,Inbound,6402,42
1370,21,1,Outbound,9921,30
1713,9,1,Outbound,1202,18
1,2,1,Outbound,6601,33
1886,14,1,Inbound,4403,70
298,7,2,Inbound,4101,0
20,2,1,Outbound,6605,33
2062,20,2,Inbound,9401,10
149,8,1,Inbound,6204,34
1860,13,3,Outbound,4404,44
1913,15,1,Inbound,6401,58
1194,18,1,Outbound,6802,16
693,33,3,Outbound,6603,24
1845,12,3,Inbound,6003,25
310,7,3,Outbound,4101,4
937,10,1,Inbound,6804,7
1206,18,1,Outbound,6801,74
603,11,1,Outbound,9402,2
2039,20,1,Inbound,9401,10
1946,15,3,Outbound,6403,53
351,8,2,Outbound,4404,9
588,16,3,Outbound,6602,15
1838,12,3,Outbound,6001,21
856,29,1,Outbound,4403,61
2264,35,1,Outbound,1011,5
1910,15,1,Inbound,6402,58
981,13,1,Inbound,4404,63
451,2,1,Outbound,6604,33
2161,18,3,Outbound,6801,55
1747,9,2,Outbound,1201,18
1420,1,1,Inbound,1201,73
2168,18,3,Outbound,6802,55
1923,15,1,Inbound,6422,58
2102,36,1,Outbound,4131,79
2169,23,3,Outbound,9902,56
2110,36,2,Inbound,4131,78
1931,15,2,Inbound,6402,58
172,11,1,Inbound,9401,3
1829,12,1,Inbound,6001,46
1650,5,2,Outbound,6003,1
447,14,3,Outbound,4401,48
24,2,1,Outbound,6604,33
1749,9,2,Outbound,1201,18
1606,7,2,Outbound,4102,4
464,2,2,Outbound,6403,33
1120,16,1,Inbound,6601,19
1377,21,1,Inbound,9912,32
1853,13,1,Outbound,6203,72
2179,35,1,Inbound,1012,8
156,8,1,Inbound,4403,34
1820,12,1,Inbound,6001,25
2362,14,2,Outbound,6202,48
2254,35,1,Outbound,1011,5
1201,18,1,Outbound,6804,16
537,16,1,Outbound,6603,43
2188,35,1,Inbound,1011,8
560,16,2,Outbound,6605,15
2321,11,2,Inbound,6603,3
237,1,3,Outbound,6402,35
1790,10,3,Inbound,6001,7
482,29,1,Inbound,6202,57
1735,9,1,Inbound,1202,69
557,16,2,Outbound,6602,15
333,7,3,Inbound,4101,0
1040,14,1,Inbound,4407,70
2026,20,1,Outbound,9401,67
1591,7,1,Outbound,4122,4
1646,5,2,Outbound,6002,1
1842,12,3,Inbound,6003,25
2203,35,1,Inbound,1012,8
230,1,2,Outbound,6403,35
990,13,1,Inbound,4406,63
1323,35,2,Inbound,1011,77
1498,2,1,Inbound,4102,42
964,13,1,Outbound,4403,72
948,10,1,Inbound,6802,7
2315,11,2,Inbound,6602,3
1497,2,1,Inbound,6601,42
568,16,2,Outbound,6603,15
2180,35,1,Inbound,1011,8
1803,12,1,Outbound,6022,52
1248,18,2,Inbound,6801,28
463,2,2,Outbound,1202,33
2097,23,2,Outbound,9902,56
1597,7,1,Inbound,4111,0
241,1,3,Outbound,6403,35
116,8,1,Outbound,6203,9
1327,35,2,Inbound,1011,77
2280,11,2,Outbound,6605,2
878,8,2,Outbound,4403,9
30,7,1,Outbound,4103,4
2131,11,1,Inbound,9404,3
898,8,2,Inbound,6201,34
988,13,1,Inbound,4404,63
1105,16,1,Inbound,6601,19
1090,15,2,Outbound,6403,53
1448,1,2,Inbound,6403,51
3,2,1,Outbound,6603,33
963,13,1,Outbound,4401,72
1245,18,2,Inbound,6802,28
1019,14,1,Outbound,6203,54
2332,13,2,Outbound,6204,44
719,33,3,Inbound,6604,81
1981,17,1,Inbound,6701,12
1796,12,1,Outbound,6001,52
889,8,2,Outbound,6202,9
709,33,3,Inbound,6602,81
1644,5,2,Outbound,6003,1
2166,18,3,Outbound,6802,55
2298,11,2,Outbound,6603,2
1777,10,3,Outbound,6003,29
2027,20,1,Outbound,9403,80
316,7,3,Outbound,4101,4
2096,23,2,Outbound,9902,56
853,29,1,Outbound,6201,61
192,14,1,Outbound,4403,54
2042,20,1,Inbound,9404,10
1463,2,1,Outbound,4101,33
385,8,3,Outbound,4401,9
1733,9,1,Inbound,1202,69
1889,14,1,Inbound,6202,70
582,16,3,Outbound,6604,15
544,16,2,Outbound,6604,15
978,13,1,Outbound,4405,72
1896,14,1,Inbound,4405,70
2090,23,2,Outbound,9901,56
197,14,1,Outbound,6204,54
2353,13,2,Inbound,6202,22
64,7,1,Inbound,4103,0
1892,14,1,Inbound,4401,70
1276,35,2,Outbound,1011,20
899,8,2,Inbound,6203,34
2088,23,3,Outbound,9901,56
202,14,1,Outbound,4401,65
1467,2,1,Outbound,4101,33
2025,20,1,Outbound,9404,67
2324,11,2,Inbound,6601,3
1982,17,1,Inbound,6701,12
1454,1,3,Inbound,1201,51
1311,35,2,Inbound,1011,77
541,16,1,Outbound,6601,43
285,7,2,Inbound,4102,0
2093,23,2,Outbound,9901,56
199,14,1,Outbound,4404,54
2407,39,1,Outbound,9926,60
2016,20,1,Outbound,9402,84
68,7,1,Inbound,4103,0
1474,2,1,Outbound,4104,33
497,10,2,Inbound,6001,7
1762,9,2,Inbound,1202,17
601,11,1,Outbound,9401,2
1952,15,3,Inbound,6402,58
1181,16,3,Inbound,6602,19
382,8,3,Outbound,4402,9
1082,15,1,Outbound,6402,59
1921,15,1,Inbound,6421,58
1817,12,1,Inbound,6002,25
2029,20,1,Outbound,9404,80
212,16,1,Outbound,6602,43
496,10,2,Inbound,6003,7
1696,5,1,Inbound,6002,23
2379,14,2,Inbound,4401,75
1731,9,1,Inbound,1202,69
318,7,3,Outbound,4101,4
1559,2,3,Inbound,6403,42
178,11,1,Inbound,9402,3
1862,13,3,Outbound,4402,44
2330,13,2,Outbound,6202,44
607,11,1,Outbound,9403,2
1679,5,1,Outbound,6002,1
1067,14,3,Inbound,4402,75
13,2,1,Outbound,6603,33
1738,9,1,Inbound,1201,69
1707,5,1,Inbound,6021,23
1286,35,2,Outbound,1011,20
288,7,2,Inbound,4101,0
1486,2,1,Inbound,6605,42
99,8,1,Outbound,4404,9
1059,14,3,Inbound,4402,75
362,8,2,Outbound,6203,9
491,29,1,Inbound,4405,57
2172,23,3,Outbound,9902,56
884,8,2,Outbound,4401,9
22,2,1,Outbound,6602,33
371,8,2,Inbound,4402,34
207,16,1,Outbound,6602,43
622,23,2,Inbound,9901,27
1158,16,2,Inbound,6605,19
2414,39,1,Inbound,9917,45
1283,35,2,Outbound,1012,20
27,2,1,Outbound,6602,33
2022,20,1,Outbound,9404,67
1511,2,1,Inbound,6603,42
2004,17,2,Inbound,6701,12
2367,14,2,Outbound,4402,48
1369,21,1,Outbound,9901,30
585,16,3,Outbound,6603,15
340,7,3,Inbound,4102,0
1699,5,1,Inbound,6001,23
1281,35,2,Outbound,1012,20
989,13,1,Inbound,4405,63
868,29,1,Inbound,4401,57
962,33,3,Inbound,6603,81
1752,9,2,Outbound,1202,18
1496,2,1,Inbound,4101,42
1508,2,1,Inbound,4103,42
2260,35,1,Outbound,1011,5
1411,1,1,Outbound,1201,35
1162,16,3,Outbound,6604,15
862,29,1,Outbound,4404,61
941,10,1,Inbound,6804,7
542,16,2,Outbound,6602,15
1924,15,1,Inbound,6402,58
360,8,2,Outbound,6204,9
2243,35,1,Outbound,1012,5
1816,12,1,Inbound,6001,46
535,16,1,Outbound,6604,43
236,1,3,Outbound,6401,35
1917,15,1,Inbound,6421,58
1539,2,2,Inbound,6401,42
400,10,2,Outbound,6002,29
1503,2,1,Inbound,6604,42
1834,12,3,Outbound,6003,21
336,7,3,Inbound,4102,0
1335,35,2,Inbound,1011,77
405,10,2,Outbound,6001,29
2384,18,3,Inbound,6802,28
219,16,1,Outbound,6601,43
2398,37,1,Outbound,9911,39
32,7,1,Outbound,4101,4
1230,18,2,Outbound,6801,55
479,29,1,Outbound,4407,61
1884,14,1,Outbound,4403,54
1670,5,1,Outbound,6012,1
1632,28,1,Inbound,4201,14
1255,35,2,Outbound,1012,20
206,16,1,Outbound,6605,43
1966,17,1,Outbound,6701,41
1961,15,3,Inbound,6402,58
284,7,2,Inbound,4101,0
606,11,1,Outbound,9404,2
82,7,1,Inbound,4101,0
290,7,2,Inbound,4101,0
2267,35,1,Outbound,1012,5
1152,16,2,Inbound,6604,19
1771,10,3,Outbound,6003,29
1026,14,1,Outbound,4406,54
1173,16,3,Inbound,6602,19
1745,9,1,Inbound,1222,69
1641,8,1,Inbound,4402,34
139,8,1,Inbound,4401,34
1113,16,1,Inbound,6604,19
1212,18,1,Inbound,6802,28
591,23,3,Inbound,9901,27
1873,13,3,Inbound,4404,22
440,14,3,Outbound,4402,48
2378,14,2,Inbound,4405,75
1499,2,1,Inbound,6602,42
555,16,2,Outbound,6605,15
1624,28,1,Outbound,4221,13
1068,14,3,Inbound,4403,75
846,7,3,Outbound,4102,4
1188,18,1,Outbound,6802,16
368,8,2,Inbound,6201,34
871,29,1,Inbound,4407,57
1309,35,2,Inbound,1011,77
931,10,1,Inbound,6804,7
2277,11,2,Outbound,6602,2
1263,35,2,Outbound,1012,20
1554,2,3,Inbound,6401,42
1867,13,3,Outbound,4403,44
271,7,2,Outbound,4102,4
11,2,1,Outbound,6601,33
86,7,1,Inbound,4101,0
2305,11,2,Inbound,6602,3
936,10,1,Inbound,6802,7
390,8,3,Inbound,4403,34
124,8,1,Outbound,4403,9
2404,39,1,Outbound,9917,40
1979,17,1,Inbound,6701,12
2176,35,1,Inbound,1011,8
487,29,1,Inbound,6201,57
470,29,1,Outbound,6204,61
595,11,1,Outbound,9405,2
170,11,1,Inbound,9404,3
1895,14,1,Inbound,4404,70
2282,11,2,Outbound,6602,2
1461,1,3,Inbound,1201,51
2112,36,3,Outbound,4131,79
2190,35,1,Inbound,1011,8
2323,11,2,Inbound,6605,3
249,2,3,Outbound,1201,33
967,13,1,Outbound,6202,72
538,16,1,Outbound,6605,43
1316,35,2,Inbound,1012,77
1313,35,2,Inbound,1011,77
1694,5,1,Inbound,6002,23
1344,35,2,Inbound,1012,77
275,7,2,Outbound,4102,4
2392,18,3,Inbound,6802,28
352,8,2,Outbound,4401,9
1080,15,1,Outbound,6402,53
389,8,3,Inbound,4402,34
2057,20,2,Outbound,9401,37
566,16,2,Outbound,6601,15
2205,35,1,Inbound,1012,8
2200,35,1,Inbound,1011,8
2066,20,2,Inbound,9401,10
1109,16,1,Inbound,6605,19
1546,2,2,Inbound,6402,42
286,7,2,Inbound,4101,0
507,12,2,Outbound,6001,21
2343,13,2,Inbound,6201,22
1712,9,1,Outbound,1201,18
612,11,1,Outbound,9402,2
1642,8,2,Outbound,6204,9
1717,9,1,Outbound,1202,18
356,8,2,Outbound,4405,9
1060,14,3,Inbound,4403,75
213,16,1,Outbound,6604,43
1225,18,1,Inbound,6804,28
1675,5,1,Outbound,6002,1
1544,2,2,Inbound,6403,42
1750,9,2,Outbound,1202,18
2073,20,3,Outbound,9401,37
146,8,1,Inbound,6201,34
1490,2,1,Inbound,4102,42
1630,28,1,Inbound,4201,14
365,8,2,Inbound,4404,34
1447,1,2,Inbound,1202,51
869,29,1,Inbound,4403,57
397,8,3,Inbound,4402,34
118,8,1,Outbound,4401,9
2197,35,1,Inbound,1012,8
915,10,1,Outbound,6802,29
1014,13,2,Inbound,4404,22
2265,35,1,Outbound,1012,5
1822,12,1,Inbound,6001,46
1875,13,3,Inbound,4402,22
1413,1,1,Inbound,1201,73
711,33,3,Inbound,6604,81
1621,28,1,Outbound,4221,13
2310,11,2,Inbound,6602,3
1659,5,2,Inbound,6003,23
1396,1,1,Outbound,1202,35
125,8,1,Inbound,4403,34
1267,35,2,Outbound,1012,20
1166,16,3,Inbound,6603,19
1214,18,1,Inbound,6801,28
1648,5,2,Outbound,6001,1
505,12,2,Outbound,6002,21
164,11,1,Inbound,9405,3
1700,5,1,Inbound,6002,23
1122,16,1,Inbound,6603,19
2083,20,3,Inbound,9401,10
721,33,3,Inbound,6602,81
150,8,1,Inbound,4401,34
524,12,2,Inbound,6003,25
1888,14,1,Inbound,4405,70
1425,1,1,Inbound,1202,73
1683,5,1,Outbound,6002,1
1947,15,3,Outbound,6401,53
2257,35,1,Outbound,1012,5
1030,14,1,Outbound,6203,54
1791,10,3,Inbound,6002,7
2285,11,2,Outbound,6605,2
1458,1,3,Inbound,1201,51
87,7,1,Inbound,4102,0
493,10,2,Inbound,6003,7
1575,5,3,Inbound,6001,23
2084,23,3,Outbound,9901,56
860,29,1,Outbound,6204,61
1102,16,1,Inbound,6603,19
461,2,2,Outbound,1202,33
1275,35,2,Outbound,1012,20
1795,12,1,Outbound,6012,52
2233,35,1,Outbound,1012,5
2020,20,1,Outbound,9402,67
216,16,1,Outbound,6605,43
1150,16,2,Inbound,6602,19
72,7,1,Inbound,4103,0
2130,11,1,Inbound,9402,3
2417,39,1,Inbound,9925,45
204,16,1,Outbound,6601,43
1165,16,3,Inbound,6602,19
1304,35,2,Inbound,1012,77
1269,35,2,Outbound,1012,20
329,7,3,Inbound,4101,0
193,14,1,Outbound,4405,54
2317,11,2,Inbound,6604,3
1968,17,1,Outbound,6701,41
563,16,2,Outbound,6603,15
1963,15,3,Inbound,6401,68
1871,13,3,Inbound,4402,22
1171,16,3,Inbound,6604,19
433,14,2,Outbound,6202,48
2312,11,2,Inbound,6604,3
1302,35,2,Inbound,1012,77
2391,18,3,Inbound,6801,28
1186,16,3,Inbound,6603,19
996,13,1,Inbound,4401,63
1768,9,2,Inbound,1202,17
917,10,1,Outbound,6803,29
1328,35,2,Inbound,1012,77
1596,7,1,Inbound,4102,0
2377,14,2,Inbound,6204,75
1623,28,1,Outbound,4221,13
1776,10,3,Outbound,6002,29
76,7,1,Inbound,4103,0
547,16,2,Outbound,6602,15
1185,16,3,Inbound,6602,19
866,29,1,Inbound,6201,57
1326,35,2,Inbound,1012,77
1973,17,1,Outbound,6701,41
141,8,1,Inbound,4403,34
1208,18,1,Inbound,6801,28
2217,35,1,Inbound,1012,8
1724,9,1,Outbound,1211,18
2092,23,2,Outbound,9901,56
367,8,2,Inbound,4403,34
2074,20,3,Outbound,9401,37
1722,9,1,Outbound,1201,18
1900,14,1,Inbound,6202,70
1927,15,2,Inbound,6401,58
1078,15,1,Outbound,6402,53
1128,16,1,Inbound,6604,19
177,11,1,Inbound,9404,3
845,2,3,Outbound,1201,33
1519,2,1,Inbound,6602,42
2308,11,2,Inbound,6605,3
1076,15,1,Outbound,6402,53
1412,1,1,Inbound,1212,73
1537,2,1,Inbound,6603,42
530,16,1,Outbound,6604,43
1956,15,3,Inbound,6403,58
2077,20,3,Outbound,9401,37
1334,35,2,Inbound,1012,77
1944,15,3,Outbound,6401,53
1991,17,2,Outbound,6701,11
1393,1,1,Outbound,1201,35
2209,35,1,Inbound,1012,8
375,8,2,Inbound,6201,34
88,7,1,Inbound,4101,0
1440,1,2,Inbound,1201,51
1553,2,3,Inbound,6403,42
2301,11,2,Outbound,6604,2
2318,11,2,Inbound,6605,3
945,10,1,Inbound,6804,7
2405,39,1,Outbound,9915,40
2159,18,3,Outbound,6801,55
1870,13,3,Outbound,4402,44
1287,35,2,Outbound,1012,20
1282,35,2,Outbound,1011,20
1226,18,1,Inbound,6803,64
879,8,2,Outbound,4405,9
1843,12,3,Inbound,6001,25
185,13,1,Outbound,4404,72
2346,13,2,Inbound,6204,22
867,29,1,Inbound,6203,57
2408,39,1,Outbound,9927,60
1592,7,1,Outbound,4121,4
618,11,1,Outbound,9405,2
1141,16,2,Inbound,6603,19
1175,16,3,Inbound,6604,19
1836,12,3,Outbound,6002,21
1957,15,3,Inbound,6401,58
2389,18,3,Inbound,6801,28
49,7,1,Outbound,4102,4
2015,18,2,Outbound,6802,55
1494,2,1,Inbound,4104,42
1033,14,1,Inbound,4405,70
332,7,3,Inbound,4102,0
1339,35,2,Inbound,1011,77
263,7,2,Outbound,4102,4
92,7,1,Inbound,4101,0
1827,12,1,Inbound,6022,46
1273,35,2,Outbound,1012,20
1453,1,3,Inbound,1201,51
1800,12,1,Outbound,6001,21
1488,2,1,Inbound,4101,42
1655,5,2,Outbound,6002,1
1532,2,1,Inbound,4103,42
2109,36,2,Inbound,4131,78
1211,18,1,Inbound,6801,28
571,16,3,Outbound,6601,15
1069,15,1,Outbound,6401,53
712,33,3,Inbound,6601,81
1988,17,1,Inbound,6701,12
19,2,1,Outbound,6604,33
914,10,1,Outbound,6804,29
2144,29,2,Outbound,4301,61
1295,35,2,Outbound,1012,20
1824,12,1,Inbound,6002,46
1627,28,1,Inbound,4211,14
2103,36,1,Outbound,4131,79
2019,20,1,Outbound,9401,67
1710,9,1,Outbound,1201,18
53,7,1,Outbound,4102,4
2122,16,3,Inbound,6601,83
1757,9,2,Inbound,1201,17
1418,1,1,Inbound,1211,73
1200,18,1,Outbound,6802,16
1573,5,3,Outbound,6002,1
1502,2,1,Inbound,4104,42
2145,29,2,Outbound,4301,61
2186,35,1,Inbound,1011,8
40,7,1,Outbound,4101,4
1566,5,3,Outbound,6001,1
1469,2,1,Outbound,4103,33
442,14,3,Outbound,4404,48
2338,13,2,Outbound,6201,44
1881,13,3,Inbound,4404,22
1250,23,3,Inbound,9901,27
1841,12,3,Inbound,6002,25
2163,18,3,Outbound,6801,55
137,8,1,Inbound,6203,34
1932,15,2,Inbound,6403,58
1395,1,1,Outbound,1201,35
1967,17,1,Outbound,6701,41
688,33,3,Outbound,6602,24
90,7,1,Inbound,4101,0
325,7,3,Outbound,4102,4
848,7,3,Outbound,4102,4
1384,37,1,Inbound,9902,36
1104,16,1,Inbound,6605,19
583,16,3,Outbound,6601,15
1358,23,2,Inbound,9902,27
468,29,1,Outbound,4407,61
1133,16,1,Inbound,6601,62
2139,29,2,Outbound,4301,61
2388,18,3,Inbound,6802,28
2307,11,2,Inbound,6604,3
180,11,1,Inbound,9403,3
1338,35,2,Inbound,1012,77
1772,10,3,Outbound,6001,29
2009,17,2,Inbound,6701,12
152,8,1,Inbound,4403,34
1043,14,2,Inbound,4405,75
1505,2,1,Inbound,6605,42
2395,23,3,Inbound,9902,27
1568,5,3,Outbound,6003,1
176,11,1,Inbound,9402,3
521,12,2,Inbound,6003,25
372,8,2,Inbound,4404,34
1415,1,1,Inbound,1202,73
1170,16,3,Inbound,6603,19
1801,12,1,Outbound,6002,21
1977,17,1,Inbound,6701,12
94,7,1,Inbound,4101,0
690,33,3,Outbound,6604,24
512,12,2,Outbound,6003,21
1541,2,2,Inbound,6403,42
1445,1,2,Inbound,1202,51
2178,35,1,Inbound,1011,8
2117,36,3,Inbound,4131,78
2006,17,2,Inbound,6701,12
1742,9,1,Inbound,1211,69
14,2,1,Outbound,6604,33
593,23,3,Inbound,9901,27
1479,2,1,Outbound,4101,33
420,13,2,Outbound,6201,44
1195,18,1,Outbound,6803,16
946,10,1,Inbound,6801,7
2349,13,2,Inbound,4402,22
2348,13,2,Inbound,4401,22
2043,20,1,Inbound,9401,10
100,8,1,Outbound,4405,9
267,7,2,Outbound,4102,4
1403,1,1,Outbound,1201,35
710,33,3,Inbound,6603,81
2170,23,3,Outbound,9902,56
1249,18,2,Inbound,6802,28
95,8,1,Outbound,4405,9
2003,17,2,Inbound,6701,12
1775,10,3,Outbound,6001,29
2248,35,1,Outbound,1011,5
2296,11,2,Outbound,6601,2
2212,35,1,Inbound,1011,8
1741,9,1,Inbound,1212,69
1293,35,2,Outbound,1012,20
1483,2,1,Outbound,4101,33
477,29,1,Outbound,4403,61
924,10,1,Outbound,6822,29
1574,5,3,Inbound,6003,23
1333,35,2,Inbound,1011,77
523,12,2,Inbound,6002,25
1095,15,2,Outbound,6402,53
2076,20,3,Outbound,9401,37
873,29,1,Inbound,6204,57
1070,15,1,Outbound,6402,53
2171,23,3,Outbound,9902,56
1239,18,2,Inbound,6802,28
282,7,2,Inbound,4101,0
1560,2,3,Inbound,6401,42
2412,39,1,Inbound,9915,45
1823,12,1,Inbound,6022,46
1578,5,3,Inbound,6001,23
432,14,2,Outbound,4404,48
2211,35,1,Inbound,1012,8
2094,23,2,Outbound,9902,56
1125,16,1,Inbound,6601,19
2238,35,1,Outbound,1011,5
2365,14,2,Outbound,4405,48
320,7,3,Outbound,4101,4
476,29,1,Outbound,4401,61
1709,5,1,Inbound,6021,23
2149,29,2,Inbound,4301,57
598,11,1,Outbound,9403,2
2141,29,2,Outbound,4301,61
454,2,2,Outbound,1201,33
926,10,1,Outbound,6821,29
1055,14,2,Inbound,6201,75
911,10,1,Outbound,6803,29
527,12,2,Inbound,6003,25
1978,17,1,Inbound,6701,12
1755,9,2,Outbound,1201,18
501,10,2,Inbound,6002,7
533,16,1,Outbound,6605,43
1139,16,2,Inbound,6601,19
2010,17,2,Inbound,6701,12
45,7,1,Outbound,4102,4
1814,12,1,Inbound,6002,46
615,11,1,Outbound,9401,2
161,11,1,Inbound,9405,3
214,16,1,Outbound,6601,43
2081,20,3,Inbound,9401,10
2187,35,1,Inbound,1012,8
1397,1,1,Outbound,1201,35
2085,23,3,Outbound,9901,56
1373,21,1,Outbound,9923,30
494,10,2,Inbound,6001,7
536,16,1,Outbound,6601,43
2230,35,1,Outbound,1011,5
2107,36,2,Outbound,4131,79
2361,14,2,Outbound,6201,48
12,2,1,Outbound,6602,33
1996,17,2,Outbound,6701,11
133,8,1,Inbound,4406,34
1595,7,1,Inbound,4102,0
1577,5,3,Inbound,6003,23
1614,28,1,Outbound,4211,13
123,8,1,Outbound,4401,9
2067,20,2,Inbound,9402,10
136,8,1,Inbound,6202,34
246,2,3,Outbound,1201,33
1148,16,2,Inbound,6605,19
2068,20,2,Inbound,9402,10
109,8,1,Outbound,4403,9
1495,2,1,Inbound,6605,42
1620,28,1,Outbound,4221,13
2356,14,2,Outbound,4405,48
341,7,3,Inbound,4101,0
923,10,1,Outbound,6803,29
2418,39,1,Inbound,9926,45
564,16,2,Outbound,6604,15
1740,9,1,Inbound,1201,69
327,7,3,Outbound,4102,4
1305,35,2,Inbound,1011,77
2031,20,1,Outbound,9403,67
83,7,1,Inbound,4102,0
2413,39,1,Inbound,9916,45
2132,11,1,Inbound,9403,3
1514,2,1,Inbound,4102,42
312,7,3,Outbound,4101,4
1432,1,1,Inbound,1202,85
1826,12,1,Inbound,6001,46
1565,5,3,Outbound,6003,1
508,12,2,Outbound,6002,21
15,2,1,Outbound,6605,33
483,29,1,Inbound,6204,57
2341,13,2,Outbound,6204,44
449,2,1,Outbound,6604,33
1292,35,2,Outbound,1011,20
844,1,3,Outbound,6402,35
229,1,2,Outbound,6402,35
1850,12,3,Inbound,6002,25
1489,2,1,Inbound,6602,42
1246,18,2,Inbound,6801,28
2165,18,3,Outbound,6801,55
323,7,3,Outbound,4102,4
210,16,1,Outbound,6603,43
1831,12,3,Outbound,6003,21
1584,5,3,Inbound,6001,23
1916,15,1,Inbound,6402,58
2017,20,1,Outbound,9403,84
1835,12,3,Outbound,6001,21
239,1,3,Outbound,6401,35
2421,39,1,Inbound,9926,45
696,33,3,Outbound,6602,24
577,16,3,Outbound,6603,15
376,8,2,Inbound,6203,34
5,2,1,Outbound,6605,33
1072,15,1,Outbound,6402,53
1431,1,1,Inbound,1201,73
1297,35,2,Outbound,1012,20
902,8,3,Outbound,4401,9
2416,39,1,Inbound,9916,45
1633,28,1,Inbound,4201,14
1992,17,2,Outbound,6701,11
600,11,1,Outbound,9405,2
998,13,1,Inbound,4403,63
1457,1,3,Inbound,1201,51
885,8,2,Outbound,4403,9
1588,7,1,Outbound,4102,4
925,10,1,Outbound,6801,29
1028,14,1,Outbound,6201,54
2041,20,1,Inbound,9405,10
127,8,1,Inbound,4405,34
1622,28,1,Outbound,4221,13
687,33,3,Outbound,6601,24
1542,2,2,Inbound,6401,42
550,16,2,Outbound,6605,15
1562,5,3,Outbound,6003,1
475,29,1,Outbound,6203,61
2072,20,3,Outbound,9401,38
2415,39,1,Inbound,9915,45
883,8,2,Outbound,6204,9
1126,16,1,Inbound,6602,19
1915,15,1,Inbound,6401,58
950,10,1,Inbound,6803,7
1268,35,2,Outbound,1011,20
2008,17,2,Inbound,6701,12
57,7,1,Outbound,4102,4
399,10,2,Outbound,6001,29
1540,2,2,Inbound,6402,42
1587,7,1,Outbound,4102,4
1994,17,2,Outbound,6701,11
1193,18,1,Outbound,6801,16
378,8,3,Outbound,4402,9
1303,35,2,Inbound,1011,77
1684,5,1,Outbound,6001,1
1163,16,3,Outbound,6601,15
1524,2,1,Inbound,4103,42
1513,2,1,Inbound,6604,42
1920,15,1,Inbound,6402,58
972,13,1,Outbound,4404,72
2351,13,2,Inbound,4404,22
85,7,1,Inbound,4104,0
1155,16,2,Inbound,6602,19
299,7,2,Inbound,4102,0
1204,18,1,Outbound,6804,16
2236,35,1,Outbound,1011,5
1435,1,1,Inbound,6604,85
1907,15,1,Inbound,6411,58
706,33,3,Outbound,6604,24
1608,7,2,Inbound,4102,0
500,10,2,Inbound,6001,7
1954,15,3,Inbound,6401,58
1341,35,2,Inbound,1011,77
1361,37,1,Outbound,9912,86
2329,13,2,Outbound,6201,44
8,2,1,Outbound,6603,33
2198,35,1,Inbound,1011,8
1964,17,1,Outbound,6701,41
1183,16,3,Inbound,6604,19
1189,18,1,Outbound,6803,16
186,13,1,Outbound,4406,72
474,29,1,Outbound,6201,61
1129,16,1,Inbound,6605,19
303,7,2,Inbound,4102,0
1118,16,1,Inbound,6604,19
120,8,1,Outbound,4403,9
1391,38,1,Inbound,9914,49
2011,17,2,Inbound,6701,12
1959,15,3,Inbound,6403,58
1337,35,2,Inbound,1011,77
960,33,3,Inbound,6601,81
1325,35,2,Inbound,1011,77
2422,39,1,Inbound,9927,45
1619,28,1,Outbound,4201,13
66,7,1,Inbound,4101,0
1610,28,1,Outbound,4211,13
1714,9,1,Outbound,1201,18
2281,11,2,Outbound,6601,2
906,10,1,Outbound,6811,29
1023,14,1,Outbound,4403,54
2208,35,1,Inbound,1011,8
1729,9,1,Inbound,1202,69
175,11,1,Inbound,9405,3
2294,11,2,Outbound,6604,2
961,33,3,Inbound,6602,81
1465,2,1,Outbound,4103,33
717,33,3,Inbound,6602,81
2278,11,2,Outbound,6603,2
2360,14,2,Outbound,4404,48
93,7,1,Inbound,4101,0
2300,11,2,Outbound,6605,2
2087,23,3,Outbound,9901,56
723,33,3,Inbound,6604,81
2044,20,1,Inbound,9404,10
579,16,3,Outbound,6601,15
2134,20,1,Outbound,9405,67
103,8,1,Outbound,6201,9
1535,2,1,Inbound,6601,42
2355,13,2,Inbound,6204,22
70,7,1,Inbound,4101,0
2128,11,1,Outbound,9403,2
1110,16,1,Inbound,6601,19
1928,15,2,Inbound,6402,58
1538,2,2,Inbound,6403,42
1114,16,1,Inbound,6605,19
1893,14,1,Inbound,4402,70
1969,17,1,Outbound,6701,41
189,13,1,Outbound,4401,72
1654,5,2,Outbound,6001,1
596,11,1,Outbound,9402,2
122,8,1,Outbound,6204,9
350,8,2,Outbound,4402,9
2268,35,1,Outbound,1011,5
623,23,2,Inbound,9901,27
1021,14,1,Outbound,4401,54
916,10,1,Outbound,6804,29
958,33,3,Outbound,6602,24
1029,14,1,Outbound,6202,54
1242,18,2,Inbound,6801,28
6,2,1,Outbound,6601,33
1132,16,1,Inbound,6601,6
259,7,2,Outbound,4102,4
1512,2,1,Inbound,4101,42
1220,18,1,Inbound,6801,28
2052,20,2,Outbound,9402,37
196,14,1,Outbound,4406,54
912,10,1,Outbound,6804,29
153,8,1,Inbound,4404,34
51,7,1,Outbound,4104,4
423,14,2,Outbound,4405,48
2370,14,2,Inbound,4401,75
384,8,3,Outbound,4404,9
2397,23,3,Inbound,9902,27
980,13,1,Inbound,4402,63
1879,13,3,Inbound,4402,22
438,14,3,Outbound,4404,48
1475,2,1,Outbound,4101,33
520,12,2,Inbound,6002,25
107,8,1,Outbound,4401,9
1811,12,1,Inbound,6012,47
44,7,1,Outbound,4101,4
2342,13,2,Outbound,4405,44
225,1,2,Outbound,6401,35
1363,37,1,Outbound,9901,39
2291,11,2,Outbound,6601,2
2293,11,2,Outbound,6603,2
968,13,1,Outbound,6204,72
1471,2,1,Outbound,4101,33
388,8,3,Inbound,4401,34
1567,5,3,Outbound,6002,1
280,7,2,Outbound,4101,4
1003,13,2,Inbound,4401,22
2314,11,2,Inbound,6601,3
2393,18,3,Inbound,6801,28
106,8,1,Outbound,6204,9
2350,13,2,Inbound,4403,22
1736,9,1,Inbound,1201,69
1142,16,2,Inbound,6604,19
984,13,1,Inbound,6201,63
1089,15,2,Outbound,6402,53
2121,36,2,Outbound,4131,79
1103,16,1,Inbound,6604,19
370,8,2,Inbound,4405,34
2250,35,1,Outbound,1011,5
1890,14,1,Inbound,6203,70
81,7,1,Inbound,4104,0
1908,15,1,Inbound,6401,58
221,1,2,Outbound,6403,35
436,14,2,Outbound,6203,48
565,16,2,Outbound,6605,15
929,10,1,Outbound,6803,29
2359,14,2,Outbound,4403,48
586,16,3,Outbound,6604,15
1786,10,3,Inbound,6003,7
181,11,1,Inbound,9401,3
697,33,3,Outbound,6603,24
255,7,2,Outbound,4102,4
576,16,3,Outbound,6602,15
1664,5,2,Inbound,6002,23
851,7,3,Inbound,4102,0
2018,20,1,Outbound,9404,67
471,29,1,Outbound,4402,61
102,8,1,Outbound,4407,9
2054,20,2,Outbound,9402,37
2101,36,1,Inbound,4131,78
2242,35,1,Outbound,1011,5
1901,14,1,Inbound,6203,70
160,11,1,Inbound,9402,3
2181,35,1,Inbound,1012,8
499,10,2,Inbound,6003,7
71,7,1,Inbound,4102,0
2247,35,1,Outbound,1012,5
1221,18,1,Inbound,6811,28
1402,1,1,Outbound,1202,35
1874,13,3,Inbound,4401,22
2357,14,2,Outbound,4401,48
1400,1,1,Outbound,1202,35
220,7,1,Outbound,4111,4
1602,7,1,Inbound,4121,0
342,7,3,Inbound,4102,0
472,29,1,Outbound,4404,61
553,16,2,Outbound,6603,15
611,11,1,Outbound,9405,2
551,16,2,Outbound,6601,15
2339,13,2,Outbound,6202,44
2160,18,3,Outbound,6802,55
346,7,3,Inbound,4102,0
556,16,2,Outbound,6601,15
1179,16,3,Inbound,6604,19
913,10,1,Outbound,6801,29
2095,23,2,Outbound,9902,56
1972,17,1,Outbound,6701,41
319,7,3,Outbound,4102,4
91,7,1,Inbound,4102,0
1780,10,3,Inbound,6003,7
2326,11,2,Inbound,6603,3
1224,18,1,Inbound,6821,28
1666,5,2,Inbound,6001,23
567,16,2,Outbound,6603,15
572,16,3,Outbound,6602,15
2065,20,2,Inbound,9401,10
1856,13,1,Inbound,6203,63
1036,14,1,Inbound,4406,70
1506,2,1,Inbound,4102,42
1264,35,2,Outbound,1011,20
1485,2,1,Outbound,4103,33
2368,14,2,Outbound,4403,48
2239,35,1,Outbound,1012,5
2118,36,1,Inbound,4131,78
194,14,1,Outbound,4402,54
1299,35,2,Inbound,1011,77
727,33,3,Inbound,6604,81
394,8,3,Inbound,4403,34
1708,5,1,Inbound,6022,23
315,7,3,Outbound,4102,4
857,29,1,Outbound,4405,61
1810,12,1,Inbound,6002,47
1433,1,1,Inbound,6604,85
1849,12,3,Inbound,6001,25
1041,14,1,Inbound,6201,70
1576,5,3,Inbound,6002,23
1657,5,2,Inbound,6001,23
1419,1,1,Inbound,1202,73
1464,2,1,Outbound,4102,33
2164,18,3,Outbound,6802,55
2033,20,1,Inbound,9402,82
