shape_id,shape_pt_sequence,shape_pt_lat,shape_pt_lon,shape_dist_traveled
RT12CW01,1,47.907703,-122.213547,0.0
RT12CW01,2,47.911255,-122.217476,0.492
RT12CW01,3,47.910355,-122.220833,0.761
RT12CW01,4,47.909477,-122.224091,1.023
RT12CW01,5,47.908173,-122.229050,1.42
RT12CW01,6,47.907383,-122.232086,1.663
RT12CW01,7,47.906582,-122.235001,1.897
RT12CW01,8,47.905804,-122.237938,2.133
RT12CW01,9,47.904903,-122.243767,2.579
RT12CW01,10,47.907379,-122.243103,2.859
RT12CW01,11,47.907379,-122.247772,3.207
RT12CW01,12,47.907379,-122.250320,3.396
RT12CW01,13,47.907433,-122.254463,3.705
RT12CW01,14,47.907475,-122.257668,3.944
RT12CW01,15,47.907562,-122.266144,4.576
RT12CW01,16,47.907578,-122.269051,4.793
RT12CW01,17,47.913815,-122.271484,5.51
RT12CW01,18,47.917892,-122.271492,5.963
RT12CW01,19,47.920021,-122.269264,6.252
RT12CW01,20,47.919971,-122.264893,6.578
RT12CW01,21,47.921185,-122.262634,6.794
RT12CW01,22,47.921799,-122.257439,7.187
RT12CW01,23,47.921753,-122.252716,7.539
RT12CW01,24,47.921722,-122.250572,7.699
RT12CW01,25,47.921734,-122.247215,7.949
RT12CW01,26,47.921757,-122.243141,8.252
RT12CW01,27,47.921753,-122.241058,8.408
RT12CW01,28,47.921810,-122.238983,8.562
RT12CW01,29,47.921776,-122.236473,8.749
RT12CW01,30,47.921848,-122.230515,9.193
RT12CW01,31,47.921860,-122.226685,9.479
RT12CW01,32,47.921455,-122.223000,9.757
RT12CW01,33,47.918819,-122.222954,10.05
RT12CW01,34,47.916317,-122.223541,10.332
RT12CW01,35,47.914772,-122.223488,10.504
RT12CW01,36,47.912720,-122.223442,10.732
RT12CW01,37,47.910603,-122.223427,10.967
RT12CW01,38,47.909824,-122.221939,11.108
RT12CW01,39,47.910736,-122.218552,11.38
RT12CW01,40,47.907787,-122.216728,11.735
RT12CW01,41,47.907703,-122.213547,11.972
RT12CW02_G72,1,47.907703,-122.213547,0.0
RT12CW02_G72,2,47.911255,-122.217476,0.492
RT12CW02_G72,3,47.910355,-122.220833,0.761
RT12CW02_G72,4,47.909477,-122.224091,1.023
RT12CW02_G72,5,47.908173,-122.229050,1.42
RT12CW02_G72,6,47.907383,-122.232086,1.663
RT12CW02_G72,7,47.906582,-122.235001,1.897
RT12CW02_G72,8,47.905804,-122.237938,2.133
RT12CW02_G72,9,47.904903,-122.243767,2.579
RT12CW02_G72,10,47.907379,-122.243103,2.859
RT12CW02_G72,11,47.907379,-122.247772,3.207
RT12CW02_G72,12,47.907379,-122.250320,3.396
RT12CW02_G72,13,47.907433,-122.254463,3.705
RT12CW02_G72,14,47.907475,-122.257668,3.944
RT12CW02_G72,15,47.907562,-122.266144,4.576
RT12CW02_G72,16,47.907578,-122.269051,4.793
RT12CW02_G72,17,47.913815,-122.271484,5.51
RT12CW02_G72,18,47.917892,-122.271492,5.963
RT12CW02_G72,19,47.925564,-122.280731,7.059
RT12CW02_G72,20,47.920021,-122.269264,8.113
RT12CW02_G72,21,47.919971,-122.264893,8.439
RT12CW02_G72,22,47.921185,-122.262634,8.654
RT12CW02_G72,23,47.921799,-122.257439,9.047
RT12CW02_G72,24,47.921753,-122.252716,9.399
RT12CW02_G72,25,47.921722,-122.250572,9.559
RT12CW02_G72,26,47.921734,-122.247215,9.809
RT12CW02_G72,27,47.921757,-122.243141,10.113
RT12CW02_G72,28,47.921753,-122.241058,10.268
RT12CW02_G72,29,47.921810,-122.238983,10.423
RT12CW02_G72,30,47.921776,-122.236473,10.61
RT12CW02_G72,31,47.921848,-122.230515,11.054
RT12CW02_G72,32,47.921860,-122.226685,11.339
RT12CW02_G72,33,47.921455,-122.223000,11.618
RT12CW02_G72,34,47.918819,-122.222954,11.911
RT12CW02_G72,35,47.916317,-122.223541,12.192
RT12CW02_G72,36,47.914772,-122.223488,12.364
RT12CW02_G72,37,47.912720,-122.223442,12.593
RT12CW02_G72,38,47.910603,-122.223427,12.828
RT12CW02_G72,39,47.909824,-122.221939,12.969
RT12CW02_G72,40,47.910736,-122.218552,13.241
RT12CW02_G72,41,47.907787,-122.216728,13.596
RT12CW02_G72,42,47.907703,-122.213547,13.833
RT17NB01,1,47.908085,-122.213638,0.0
RT17NB01,2,47.911255,-122.217476,0.454
RT17NB01,3,47.910355,-122.220833,0.723
RT17NB01,4,47.910160,-122.223236,0.904
RT17NB01,5,47.913200,-122.223297,1.242
RT17NB01,6,47.914955,-122.223328,1.437
RT17NB01,7,47.916805,-122.223366,1.643
RT17NB01,8,47.919041,-122.222794,1.895
RT17NB01,9,47.921528,-122.222855,2.172
RT17NB01,10,47.923031,-122.221420,2.37
RT17NB01,11,47.925068,-122.216927,2.774
RT17NB01,12,47.926079,-122.214714,2.974
RT17NB01,13,47.927647,-122.212585,3.21
RT17NB01,14,47.929947,-122.211914,3.47
RT17NB01,15,47.932911,-122.212456,3.802
RT17NB01,16,47.936768,-122.210182,4.263
RT17NB01,17,47.938122,-122.209099,4.434
RT17NB01,18,47.940952,-122.206894,4.789
RT17NB01,19,47.943569,-122.206703,5.08
RT17NB01,20,47.947887,-122.206551,5.561
RT17NB01,21,47.949978,-122.206566,5.793
RT17NB01,22,47.951969,-122.206909,6.016
RT17NB01,23,47.956108,-122.207603,6.479
RT17NB01,24,47.961189,-122.207764,7.044
RT17NB01,25,47.964035,-122.207886,7.361
RT17NB01,26,47.966278,-122.207977,7.61
RT17NB01,27,47.970165,-122.208138,8.043
RT17NB01,28,47.972862,-122.208275,8.343
RT17NB01,29,47.975498,-122.208374,8.636
RT17NB01,30,47.977322,-122.207115,8.859
RT17NB01,31,47.978912,-122.207161,9.036
RT17NB01,32,47.981300,-122.207146,9.302
RT17NB01,33,47.981819,-122.203979,9.545
RT17NB01,34,47.981815,-122.200935,9.771
RT17NB01,35,47.981750,-122.196037,10.136
RT17NB01,36,47.978661,-122.193924,10.514
RT17NB01,37,47.976845,-122.194786,10.725
RT17NB01,38,47.974228,-122.197594,11.084
RT17NB02MCC,1,47.908085,-122.213638,0.0
RT17NB02MCC,2,47.911255,-122.217476,0.454
RT17NB02MCC,3,47.910355,-122.220833,0.723
RT17NB02MCC,4,47.910160,-122.223236,0.904
RT17NB02MCC,5,47.913200,-122.223297,1.242
RT17NB02MCC,6,47.914955,-122.223328,1.437
RT17NB02MCC,7,47.916805,-122.223366,1.643
RT17NB02MCC,8,47.919041,-122.222794,1.895
RT17NB02MCC,9,47.921528,-122.222855,2.172
RT17NB02MCC,10,47.921780,-122.220604,2.342
RT17NB02MCC,11,47.921791,-122.216393,2.655
RT17NB02MCC,12,47.921242,-122.213554,2.876
RT17NB02MCC,13,47.921875,-122.216766,3.125
RT17NB02MCC,14,47.921837,-122.220398,3.396
RT17NB02MCC,15,47.923031,-122.221420,3.549
RT17NB02MCC,16,47.925068,-122.216927,3.953
RT17NB02MCC,17,47.926079,-122.214714,4.153
RT17NB02MCC,18,47.927647,-122.212585,4.388
RT17NB02MCC,19,47.929947,-122.211914,4.649
RT17NB02MCC,20,47.932911,-122.212456,4.981
RT17NB02MCC,21,47.936768,-122.210182,5.442
RT17NB02MCC,22,47.938122,-122.209099,5.613
RT17NB02MCC,23,47.940952,-122.206894,5.968
RT17NB02MCC,24,47.943569,-122.206703,6.259
RT17NB02MCC,25,47.947887,-122.206551,6.74
RT17NB02MCC,26,47.949978,-122.206566,6.972
RT17NB02MCC,27,47.951969,-122.206909,7.195
RT17NB02MCC,28,47.956108,-122.207603,7.658
RT17NB02MCC,29,47.961189,-122.207764,8.223
RT17NB02MCC,30,47.964035,-122.207886,8.54
RT17NB02MCC,31,47.966278,-122.207977,8.789
RT17NB02MCC,32,47.970165,-122.208138,9.222
RT17NB02MCC,33,47.972862,-122.208275,9.522
RT17NB02MCC,34,47.975498,-122.208374,9.815
RT17NB02MCC,35,47.977322,-122.207115,10.038
RT17NB02MCC,36,47.978912,-122.207161,10.215
RT17NB02MCC,37,47.981300,-122.207146,10.481
RT17NB02MCC,38,47.981819,-122.203979,10.723
RT17NB02MCC,39,47.981815,-122.200935,10.95
RT17NB02MCC,40,47.981750,-122.196037,11.315
RT17NB02MCC,41,47.978661,-122.193924,11.692
RT17NB02MCC,42,47.976845,-122.194786,11.904
RT17NB02MCC,43,47.974228,-122.197594,12.263
RT17SB01,1,47.974228,-122.197594,0.0
RT17SB01,2,47.978508,-122.193848,0.552
RT17SB01,3,47.981907,-122.194191,0.93
RT17SB01,4,47.981937,-122.199486,1.325
RT17SB01,5,47.981979,-122.202644,1.56
RT17SB01,6,47.981304,-122.207245,1.91
RT17SB01,7,47.979561,-122.207298,2.104
RT17SB01,8,47.977318,-122.207230,2.354
RT17SB01,9,47.976284,-122.208664,2.51
RT17SB01,10,47.974907,-122.208595,2.664
RT17SB01,11,47.972336,-122.208488,2.95
RT17SB01,12,47.969719,-122.208374,3.241
RT17SB01,13,47.965710,-122.208183,3.687
RT17SB01,14,47.962830,-122.208038,4.007
RT17SB01,15,47.960575,-122.207939,4.258
RT17SB01,16,47.958530,-122.208000,4.485
RT17SB01,17,47.955601,-122.207680,4.812
RT17SB01,18,47.951515,-122.207016,5.269
RT17SB01,19,47.949081,-122.206673,5.541
RT17SB01,20,47.945900,-122.206749,5.895
RT17SB01,21,47.943062,-122.206886,6.21
RT17SB01,22,47.939987,-122.207764,6.558
RT17SB01,23,47.937820,-122.209534,6.833
RT17SB01,24,47.935989,-122.211060,7.066
RT17SB01,25,47.933014,-122.212624,7.417
RT17SB01,26,47.929821,-122.212059,7.775
RT17SB01,27,47.927341,-122.212830,8.056
RT17SB01,28,47.925854,-122.215561,8.318
RT17SB01,29,47.925076,-122.217201,8.468
RT17SB01,30,47.923267,-122.221207,8.828
RT17SB01,31,47.921455,-122.223000,9.07
RT17SB01,32,47.918819,-122.222954,9.363
RT17SB01,33,47.916317,-122.223541,9.645
RT17SB01,34,47.914772,-122.223488,9.817
RT17SB01,35,47.912720,-122.223442,10.045
RT17SB01,36,47.910603,-122.223427,10.28
RT17SB01,37,47.907360,-122.222672,10.645
RT17SB01,38,47.907383,-122.218529,10.954
RT17SB01,39,47.907787,-122.216728,11.095
RT17SB01,40,47.908085,-122.213638,11.328
RT17SB02MCC,1,47.974228,-122.197594,0.0
RT17SB02MCC,2,47.978508,-122.193848,0.552
RT17SB02MCC,3,47.981907,-122.194191,0.93
RT17SB02MCC,4,47.981937,-122.199486,1.325
RT17SB02MCC,5,47.981979,-122.202644,1.56
RT17SB02MCC,6,47.981304,-122.207245,1.91
RT17SB02MCC,7,47.979561,-122.207298,2.104
RT17SB02MCC,8,47.977318,-122.207230,2.354
RT17SB02MCC,9,47.976284,-122.208664,2.51
RT17SB02MCC,10,47.974907,-122.208595,2.664
RT17SB02MCC,11,47.972336,-122.208488,2.95
RT17SB02MCC,12,47.969719,-122.208374,3.241
RT17SB02MCC,13,47.965710,-122.208183,3.687
RT17SB02MCC,14,47.962830,-122.208038,4.007
RT17SB02MCC,15,47.960575,-122.207939,4.258
RT17SB02MCC,16,47.958530,-122.208000,4.485
RT17SB02MCC,17,47.955601,-122.207680,4.812
RT17SB02MCC,18,47.951515,-122.207016,5.269
RT17SB02MCC,19,47.949081,-122.206673,5.541
RT17SB02MCC,20,47.945900,-122.206749,5.895
RT17SB02MCC,21,47.943062,-122.206886,6.21
RT17SB02MCC,22,47.939987,-122.207764,6.558
RT17SB02MCC,23,47.937820,-122.209534,6.833
RT17SB02MCC,24,47.935989,-122.211060,7.066
RT17SB02MCC,25,47.933014,-122.212624,7.417
RT17SB02MCC,26,47.929821,-122.212059,7.775
RT17SB02MCC,27,47.927341,-122.212830,8.056
RT17SB02MCC,28,47.925854,-122.215561,8.318
RT17SB02MCC,29,47.925076,-122.217201,8.468
RT17SB02MCC,30,47.923267,-122.221207,8.828
RT17SB02MCC,31,47.921780,-122.220604,9.0
RT17SB02MCC,32,47.921791,-122.216393,9.313
RT17SB02MCC,33,47.921242,-122.213554,9.533
RT17SB02MCC,34,47.921875,-122.216766,9.783
RT17SB02MCC,35,47.921837,-122.220398,10.054
RT17SB02MCC,36,47.921455,-122.223000,10.252
RT17SB02MCC,37,47.918819,-122.222954,10.545
RT17SB02MCC,38,47.916317,-122.223541,10.827
RT17SB02MCC,39,47.914772,-122.223488,10.999
RT17SB02MCC,40,47.912720,-122.223442,11.227
RT17SB02MCC,41,47.910603,-122.223427,11.462
RT17SB02MCC,42,47.907360,-122.222672,11.827
RT17SB02MCC,43,47.907383,-122.218529,12.136
RT17SB02MCC,44,47.907787,-122.216728,12.278
RT17SB02MCC,45,47.908085,-122.213638,12.51
RT18EB01,1,47.948441,-122.304337,0.0
RT18EB01,2,47.946510,-122.304108,0.215
RT18EB01,3,47.944794,-122.302849,0.428
RT18EB01,4,47.945518,-122.298698,0.747
RT18EB01,5,47.946346,-122.294281,1.089
RT18EB01,6,47.950443,-122.287498,1.769
RT18EB01,7,47.952129,-122.282753,2.169
RT18EB01,8,47.952595,-122.280090,2.374
RT18EB01,9,47.953037,-122.277550,2.57
RT18EB01,10,47.953461,-122.275299,2.744
RT18EB01,11,47.953575,-122.268005,3.287
RT18EB01,12,47.953526,-122.263596,3.616
RT18EB01,13,47.954952,-122.261108,3.86
RT18EB01,14,47.957184,-122.255829,4.324
RT18EB01,15,47.956776,-122.251381,4.659
RT18EB01,16,47.957150,-122.247177,4.975
RT18EB01,17,47.958958,-122.242836,5.355
RT18EB01,18,47.957287,-122.239967,5.638
RT18EB01,19,47.956650,-122.231018,6.309
RT18EB01,20,47.959896,-122.224930,6.888
RT18EB01,21,47.962128,-122.219803,7.343
RT18EB01,22,47.963127,-122.212364,7.908
RT18EB01,23,47.964035,-122.207886,8.257
RT18EB01,24,47.966278,-122.207977,8.506
RT18EB01,25,47.970165,-122.208138,8.939
RT18EB01,26,47.972862,-122.208275,9.239
RT18EB01,27,47.975498,-122.208374,9.532
RT18EB01,28,47.977322,-122.207115,9.755
RT18EB01,29,47.978912,-122.207161,9.932
RT18EB01,30,47.979164,-122.203865,10.179
RT18EB01,31,47.974545,-122.197716,10.867
RT18EB02_GH,1,47.948441,-122.304337,0.0
RT18EB02_GH,2,47.946510,-122.304108,0.215
RT18EB02_GH,3,47.944794,-122.302849,0.428
RT18EB02_GH,4,47.945518,-122.298698,0.747
RT18EB02_GH,5,47.946346,-122.294281,1.089
RT18EB02_GH,6,47.950443,-122.287498,1.769
RT18EB02_GH,7,47.952129,-122.282753,2.169
RT18EB02_GH,8,47.952595,-122.280090,2.374
RT18EB02_GH,9,47.953037,-122.277550,2.57
RT18EB02_GH,10,47.953461,-122.275299,2.744
RT18EB02_GH,11,47.953575,-122.268005,3.287
RT18EB02_GH,12,47.953526,-122.263596,3.616
RT18EB02_GH,13,47.954952,-122.261108,3.86
RT18EB02_GH,14,47.957184,-122.255829,4.324
RT18EB02_GH,15,47.956776,-122.251381,4.659
RT18EB02_GH,16,47.957150,-122.247177,4.975
RT18EB02_GH,17,47.958958,-122.242836,5.355
RT18EB02_GH,18,47.957287,-122.239967,5.638
RT18EB02_GH,19,47.956650,-122.231018,6.309
RT18EB02_GH,20,47.959896,-122.224930,6.888
RT18EB02_GH,21,47.962128,-122.219803,7.343
RT18EB02_GH,22,47.963127,-122.212364,7.908
RT18EB02_GH,23,47.964035,-122.207886,8.257
RT18EB02_GH,24,47.966278,-122.207977,8.506
RT18EB02_GH,25,47.970165,-122.208138,8.939
RT18EB02_GH,26,47.972862,-122.208275,9.239
RT18EB02_GH,27,47.975498,-122.208374,9.532
RT18EB02_GH,28,47.977322,-122.207115,9.755
RT18EB02_GH,29,47.978912,-122.207161,9.932
RT18EB02_GH,30,47.979164,-122.203865,10.179
RT18EB02_GH,31,47.977615,-122.191200,11.137
RT18EB02_GH,32,47.976833,-122.193153,11.307
RT18EB02_GH,33,47.976845,-122.194786,11.428
RT18EB02_GH,34,47.974545,-122.197716,11.764
RT18WB01,1,47.974545,-122.197716,0.0
RT18WB01,2,47.977150,-122.201393,0.399
RT18WB01,3,47.979313,-122.202759,0.66
RT18WB01,4,47.979332,-122.205528,0.866
RT18WB01,5,47.977318,-122.207230,1.123
RT18WB01,6,47.976284,-122.208664,1.28
RT18WB01,7,47.974907,-122.208595,1.433
RT18WB01,8,47.972336,-122.208488,1.719
RT18WB01,9,47.969719,-122.208374,2.01
RT18WB01,10,47.965710,-122.208183,2.456
RT18WB01,11,47.963402,-122.208611,2.715
RT18WB01,12,47.963329,-122.211319,2.917
RT18WB01,13,47.962093,-122.218979,3.503
RT18WB01,14,47.959873,-122.225235,4.031
RT18WB01,15,47.956841,-122.232124,4.644
RT18WB01,16,47.957317,-122.239677,5.209
RT18WB01,17,47.959324,-122.243011,5.543
RT18WB01,18,47.957138,-122.247406,5.951
RT18WB01,19,47.957092,-122.252243,6.311
RT18WB01,20,47.957375,-122.256531,6.632
RT18WB01,21,47.954556,-122.261330,7.107
RT18WB01,22,47.953636,-122.264122,7.339
RT18WB01,23,47.953659,-122.267876,7.619
RT18WB01,24,47.953766,-122.274162,8.087
RT18WB01,25,47.953148,-122.277458,8.342
RT18WB01,26,47.952549,-122.280800,8.599
RT18WB01,27,47.952145,-122.283127,8.778
RT18WB01,28,47.950790,-122.287056,9.108
RT18WB01,29,47.946453,-122.294273,9.83
RT18WB01,30,47.945477,-122.299377,10.225
RT18WB01,31,47.944805,-122.303261,10.524
RT18WB01,32,47.948792,-122.304459,10.976
RT18WB01,33,47.948441,-122.304337,11.016
RT29NB01_ALL,1,47.908085,-122.213638,0.0
RT29NB01_ALL,2,47.907482,-122.218002,0.332
RT29NB01_ALL,3,47.907463,-122.222733,0.685
RT29NB01_ALL,4,47.904438,-122.223305,1.024
RT29NB01_ALL,5,47.902546,-122.223251,1.234
RT29NB01_ALL,6,47.898098,-122.223152,1.729
RT29NB01_ALL,7,47.896400,-122.219223,2.077
RT29NB01_ALL,8,47.899593,-122.214027,2.603
RT29NB01_ALL,9,47.894531,-122.214882,3.169
RT29NB01_ALL,10,47.892216,-122.216179,3.444
RT29NB01_ALL,11,47.889725,-122.215996,3.722
RT29NB01_ALL,12,47.888103,-122.213402,3.986
RT29NB01_ALL,13,47.887596,-122.209610,4.274
RT29NB01_ALL,14,47.887646,-122.207428,4.437
RT29NB01_ALL,15,47.888027,-122.206520,4.517
RT29NB01_ALL,16,47.891258,-122.205536,4.884
RT29NB01_ALL,17,47.893108,-122.203171,5.155
RT29NB01_ALL,18,47.895763,-122.204758,5.473
RT29NB01_ALL,19,47.898727,-122.206718,5.833
RT29NB01_ALL,20,47.903145,-122.206863,6.325
RT29NB01_ALL,21,47.904766,-122.206894,6.505
RT29NB01_ALL,22,47.907581,-122.206917,6.818
RT29NB01_ALL,23,47.910931,-122.206978,7.19
RT29NB01_ALL,24,47.912975,-122.206932,7.418
RT29NB01_ALL,25,47.915356,-122.205177,7.713
RT29NB01_ALL,26,47.922585,-122.206726,8.525
RT29NB01_ALL,27,47.927502,-122.204170,9.104
RT29NB01_ALL,28,47.930050,-122.199753,9.538
RT29NB01_ALL,29,47.927994,-122.198441,9.787
RT29NB01_ALL,30,47.926163,-122.197319,10.007
RT29NB01_ALL,31,47.927521,-122.193184,10.35
RT29NB01_ALL,32,47.928230,-122.194763,10.492
RT29NB01_ALL,33,47.930107,-122.199600,10.908
RT29NB01_ALL,34,47.930458,-122.202538,11.131
RT29NB01_ALL,35,47.932434,-122.201485,11.364
RT29NB01_ALL,36,47.934517,-122.200340,11.611
RT29NB01_ALL,37,47.937775,-122.199249,11.982
RT29NB01_ALL,38,47.941437,-122.199532,12.39
RT29NB01_ALL,39,47.943699,-122.199669,12.642
RT29NB01_ALL,40,47.945938,-122.199821,12.891
RT29NB01_ALL,41,47.949055,-122.200012,13.238
RT29NB01_ALL,42,47.947681,-122.196083,13.568
RT29NB01_ALL,43,47.948273,-122.194435,13.707
RT29NB01_ALL,44,47.951656,-122.194839,14.084
RT29NB01_ALL,45,47.953613,-122.195244,14.304
RT29NB01_ALL,46,47.956970,-122.196854,14.696
RT29NB01_ALL,47,47.959919,-122.197212,15.025
RT29NB01_ALL,48,47.962910,-122.197403,15.358
RT29NB01_ALL,49,47.970924,-122.196899,16.25
RT29NB01_ALL,50,47.974640,-122.197952,16.67
RT29NB01_ALL,51,47.976742,-122.202682,17.093
RT29NB01_ALL,52,47.976673,-122.205536,17.306
RT29NB01_ALL,53,47.977322,-122.207115,17.444
RT29NB01_ALL,54,47.978912,-122.207161,17.62
RT29NB01_ALL,55,47.981300,-122.207146,17.886
RT29NB01_ALL,56,47.981819,-122.203979,18.129
RT29NB01_ALL,57,47.981815,-122.200935,18.355
RT29NB01_ALL,58,47.981750,-122.196037,18.72
RT29NB01_ALL,59,47.981735,-122.192856,18.957
RT29NB01_ALL,60,47.983223,-122.189430,19.261
RT29NB01_ALL,61,47.985867,-122.189377,19.555
RT29NB01_ALL,62,47.988228,-122.189308,19.817
RT29NB01_ALL,63,47.992592,-122.189209,20.303
RT29NB01_ALL,64,47.995056,-122.189148,20.577
RT29NB01_ALL,65,47.997555,-122.189758,20.858
RT29NB01_ALL,66,47.997662,-122.194756,21.23
RT29NB01_ALL,67,47.998341,-122.194862,21.306
RT29NB01_ALL,68,48.001625,-122.194519,21.672
RT29NB01_ALL,69,48.003281,-122.196022,21.888
RT29NB01_ALL,70,48.003281,-122.198112,22.043
RT29NB01_ALL,71,48.001686,-122.198563,22.224
RT29NB01_ALL,72,48.005764,-122.200546,22.7
RT29NB02,1,47.908085,-122.213638,0.0
RT29NB02,2,47.907482,-122.218002,0.332
RT29NB02,3,47.907463,-122.222733,0.685
RT29NB02,4,47.904438,-122.223305,1.024
RT29NB02,5,47.902546,-122.223251,1.234
RT29NB02,6,47.898098,-122.223152,1.729
RT29NB02,7,47.896400,-122.219223,2.077
RT29NB02,8,47.899593,-122.214027,2.603
RT29NB02,9,47.896599,-122.212936,2.946
RT29NB02,10,47.896893,-122.209831,3.179
RT29NB02,11,47.898727,-122.206718,3.488
RT29NB02,12,47.903145,-122.206863,3.98
RT29NB02,13,47.904766,-122.206894,4.16
RT29NB02,14,47.907581,-122.206917,4.473
RT29NB02,15,47.910931,-122.206978,4.845
RT29NB02,16,47.912975,-122.206932,5.073
RT29NB02,17,47.922585,-122.206726,6.141
RT29NB02,18,47.927502,-122.204170,6.72
RT29NB02,19,47.930458,-122.202538,7.071
RT29NB02,20,47.932434,-122.201485,7.304
RT29NB02,21,47.934517,-122.200340,7.551
RT29NB02,22,47.937775,-122.199249,7.922
RT29NB02,23,47.941437,-122.199532,8.33
RT29NB02,24,47.943699,-122.199669,8.582
RT29NB02,25,47.945938,-122.199821,8.831
RT29NB02,26,47.949055,-122.200012,9.178
RT29NB02,27,47.947681,-122.196083,9.508
RT29NB02,28,47.948273,-122.194435,9.647
RT29NB02,29,47.951656,-122.194839,10.025
RT29NB02,30,47.953613,-122.195244,10.244
RT29NB02,31,47.956970,-122.196854,10.636
RT29NB02,32,47.959919,-122.197212,10.965
RT29NB02,33,47.962910,-122.197403,11.298
RT29NB02,34,47.970924,-122.196899,12.19
RT29NB02,35,47.974640,-122.197952,12.611
RT29NB02,36,47.976742,-122.202682,13.033
RT29NB02,37,47.976673,-122.205536,13.246
RT29NB02,38,47.977322,-122.207115,13.384
RT29NB02,39,47.978912,-122.207161,13.561
RT29NB02,40,47.981300,-122.207146,13.826
RT29NB02,41,47.981819,-122.203979,14.069
RT29NB02,42,47.981815,-122.200935,14.296
RT29NB02,43,47.981750,-122.196037,14.66
RT29NB02,44,47.981735,-122.192856,14.897
RT29NB02,45,47.983223,-122.189430,15.201
RT29NB02,46,47.985867,-122.189377,15.495
RT29NB02,47,47.988228,-122.189308,15.757
RT29NB02,48,47.992592,-122.189209,16.243
RT29NB02,49,47.995056,-122.189148,16.517
RT29NB02,50,47.997555,-122.189758,16.798
RT29NB02,51,47.997662,-122.194756,17.17
RT29NB02,52,47.998341,-122.194862,17.246
RT29NB02,53,48.001625,-122.194519,17.612
RT29NB02,54,48.003281,-122.196022,17.828
RT29NB02,55,48.003281,-122.198112,17.983
RT29NB02,56,48.001686,-122.198563,18.164
RT29NB02,57,48.005764,-122.200546,18.641
RT29SB01_ALL,1,48.005764,-122.200546,0.0
RT29SB01_ALL,2,48.003860,-122.200111,0.214
RT29SB01_ALL,3,48.001785,-122.198425,0.477
RT29SB01_ALL,4,48.002762,-122.198410,0.585
RT29SB01_ALL,5,48.003189,-122.196213,0.756
RT29SB01_ALL,6,48.001141,-122.194603,1.013
RT29SB01_ALL,7,47.997574,-122.194794,1.41
RT29SB01_ALL,8,47.997494,-122.189743,1.786
RT29SB01_ALL,9,47.994690,-122.189278,2.099
RT29SB01_ALL,10,47.991959,-122.189354,2.403
RT29SB01_ALL,11,47.990280,-122.189392,2.59
RT29SB01_ALL,12,47.987923,-122.189461,2.852
RT29SB01_ALL,13,47.985771,-122.189522,3.091
RT29SB01_ALL,14,47.981846,-122.190086,3.53
RT29SB01_ALL,15,47.981907,-122.194191,3.835
RT29SB01_ALL,16,47.981937,-122.199486,4.23
RT29SB01_ALL,17,47.981979,-122.202644,4.465
RT29SB01_ALL,18,47.981304,-122.207245,4.815
RT29SB01_ALL,19,47.979561,-122.207298,5.009
RT29SB01_ALL,20,47.977318,-122.207230,5.259
RT29SB01_ALL,21,47.976547,-122.204865,5.454
RT29SB01_ALL,22,47.977207,-122.202904,5.618
RT29SB01_ALL,23,47.974426,-122.197998,6.096
RT29SB01_ALL,24,47.971481,-122.197060,6.431
RT29SB01_ALL,25,47.969677,-122.197029,6.632
RT29SB01_ALL,26,47.962578,-122.197662,7.423
RT29SB01_ALL,27,47.960789,-122.197449,7.622
RT29SB01_ALL,28,47.957794,-122.197067,7.956
RT29SB01_ALL,29,47.953625,-122.195351,8.437
RT29SB01_ALL,30,47.951290,-122.194916,8.699
RT29SB01_ALL,31,47.948811,-122.194611,8.975
RT29SB01_ALL,32,47.948467,-122.200081,9.385
RT29SB01_ALL,33,47.945286,-122.199883,9.739
RT29SB01_ALL,34,47.942986,-122.199745,9.995
RT29SB01_ALL,35,47.940960,-122.199615,10.22
RT29SB01_ALL,36,47.939022,-122.199524,10.436
RT29SB01_ALL,37,47.935688,-122.199821,10.807
RT29SB01_ALL,38,47.933384,-122.201042,11.079
RT29SB01_ALL,39,47.930912,-122.202408,11.372
RT29SB01_ALL,40,47.930050,-122.199753,11.592
RT29SB01_ALL,41,47.927994,-122.198441,11.84
RT29SB01_ALL,42,47.926163,-122.197319,12.061
RT29SB01_ALL,43,47.927521,-122.193184,12.404
RT29SB01_ALL,44,47.928230,-122.194763,12.545
RT29SB01_ALL,45,47.930107,-122.199600,12.962
RT29SB01_ALL,46,47.925671,-122.205231,13.609
RT29SB01_ALL,47,47.922401,-122.207245,14.003
RT29SB01_ALL,48,47.915356,-122.205177,14.801
RT29SB01_ALL,49,47.912971,-122.207176,15.105
RT29SB01_ALL,50,47.911076,-122.207207,15.316
RT29SB01_ALL,51,47.909157,-122.207222,15.529
RT29SB01_ALL,52,47.905743,-122.207153,15.909
RT29SB01_ALL,53,47.904549,-122.207115,16.042
RT29SB01_ALL,54,47.900162,-122.207016,16.53
RT29SB01_ALL,55,47.898426,-122.206932,16.723
RT29SB01_ALL,56,47.895611,-122.204926,17.07
RT29SB01_ALL,57,47.892578,-122.204277,17.41
RT29SB01_ALL,58,47.887730,-122.207458,17.999
RT29SB01_ALL,59,47.887783,-122.210930,18.258
RT29SB01_ALL,60,47.888222,-122.213509,18.457
RT29SB01_ALL,61,47.892262,-122.216072,18.945
RT29SB01_ALL,62,47.894566,-122.214729,19.22
RT29SB01_ALL,63,47.899570,-122.214195,19.778
RT29SB01_ALL,64,47.896580,-122.216919,20.167
RT29SB01_ALL,65,47.896530,-122.218880,20.314
RT29SB01_ALL,66,47.897129,-122.222969,20.626
RT29SB01_ALL,67,47.899601,-122.223007,20.901
RT29SB01_ALL,68,47.901783,-122.223053,21.143
RT29SB01_ALL,69,47.905914,-122.223167,21.603
RT29SB01_ALL,70,47.907360,-122.222672,21.768
RT29SB01_ALL,71,47.907383,-122.218529,22.077
RT29SB01_ALL,72,47.907787,-122.216728,22.218
RT29SB01_ALL,73,47.908085,-122.213638,22.451
RT29SB02,1,48.005764,-122.200546,0.0
RT29SB02,2,48.003860,-122.200111,0.214
RT29SB02,3,48.001785,-122.198425,0.477
RT29SB02,4,48.002762,-122.198410,0.585
RT29SB02,5,48.003189,-122.196213,0.756
RT29SB02,6,48.001141,-122.194603,1.013
RT29SB02,7,47.997574,-122.194794,1.41
RT29SB02,8,47.997494,-122.189743,1.786
RT29SB02,9,47.994690,-122.189278,2.099
RT29SB02,10,47.991959,-122.189354,2.403
RT29SB02,11,47.990280,-122.189392,2.59
RT29SB02,12,47.987923,-122.189461,2.852
RT29SB02,13,47.985771,-122.189522,3.091
RT29SB02,14,47.981846,-122.190086,3.53
RT29SB02,15,47.981907,-122.194191,3.835
RT29SB02,16,47.981937,-122.199486,4.23
RT29SB02,17,47.981979,-122.202644,4.465
RT29SB02,18,47.981304,-122.207245,4.815
RT29SB02,19,47.979561,-122.207298,5.009
RT29SB02,20,47.977318,-122.207230,5.259
RT29SB02,21,47.976547,-122.204865,5.454
RT29SB02,22,47.977207,-122.202904,5.618
RT29SB02,23,47.974426,-122.197998,6.096
RT29SB02,24,47.971481,-122.197060,6.431
RT29SB02,25,47.969677,-122.197029,6.632
RT29SB02,26,47.962578,-122.197662,7.423
RT29SB02,27,47.960789,-122.197449,7.622
RT29SB02,28,47.957794,-122.197067,7.956
RT29SB02,29,47.953625,-122.195351,8.437
RT29SB02,30,47.951290,-122.194916,8.699
RT29SB02,31,47.948811,-122.194611,8.975
RT29SB02,32,47.948467,-122.200081,9.385
RT29SB02,33,47.945286,-122.199883,9.739
RT29SB02,34,47.942986,-122.199745,9.995
RT29SB02,35,47.940960,-122.199615,10.22
RT29SB02,36,47.939022,-122.199524,10.436
RT29SB02,37,47.935688,-122.199821,10.807
RT29SB02,38,47.933384,-122.201042,11.079
RT29SB02,39,47.930912,-122.202408,11.372
RT29SB02,40,47.925671,-122.205231,11.992
RT29SB02,41,47.922401,-122.207245,12.385
RT29SB02,42,47.912971,-122.207176,13.434
RT29SB02,43,47.911076,-122.207207,13.644
RT29SB02,44,47.909157,-122.207222,13.858
RT29SB02,45,47.905743,-122.207153,14.237
RT29SB02,46,47.904549,-122.207115,14.37
RT29SB02,47,47.900162,-122.207016,14.858
RT29SB02,48,47.898426,-122.206932,15.051
RT29SB02,49,47.897110,-122.209023,15.265
RT29SB02,50,47.896873,-122.211273,15.435
RT29SB02,51,47.899570,-122.214195,15.805
RT29SB02,52,47.896580,-122.216919,16.195
RT29SB02,53,47.896530,-122.218880,16.341
RT29SB02,54,47.897129,-122.222969,16.653
RT29SB02,55,47.899601,-122.223007,16.928
RT29SB02,56,47.901783,-122.223053,17.171
RT29SB02,57,47.905914,-122.223167,17.63
RT29SB02,58,47.907360,-122.222672,17.795
RT29SB02,59,47.907383,-122.218529,18.104
RT29SB02,60,47.907787,-122.216728,18.246
RT29SB02,61,47.908085,-122.213638,18.478
RT2CC01,1,47.907703,-122.213547,0.0
RT2CC01,2,47.911255,-122.217476,0.492
RT2CC01,3,47.910355,-122.220833,0.761
RT2CC01,4,47.909477,-122.224091,1.023
RT2CC01,5,47.907265,-122.228302,1.422
RT2CC01,6,47.904507,-122.228233,1.728
RT2CC01,7,47.898369,-122.228111,2.411
RT2CC01,8,47.896584,-122.229637,2.64
RT2CC01,9,47.896591,-122.233627,2.937
RT2CC01,10,47.896572,-122.239685,3.389
RT2CC01,11,47.896545,-122.245110,3.793
RT2CC01,12,47.896523,-122.250496,4.195
RT2CC01,13,47.896523,-122.255211,4.546
RT2CC01,14,47.896523,-122.258713,4.807
RT2CC01,15,47.896099,-122.263481,5.166
RT2CC01,16,47.888687,-122.257973,6.087
RT2CC01,17,47.883923,-122.253929,6.696
RT2CC01,18,47.881786,-122.249702,7.091
RT2CC01,19,47.881817,-122.243660,7.542
RT2CC01,20,47.879951,-122.238518,7.978
RT2CC01,21,47.886097,-122.238693,8.661
RT2CC01,22,47.889709,-122.238716,9.063
RT2CC01,23,47.891907,-122.238731,9.307
RT2CC01,24,47.896408,-122.237808,9.813
RT2CC01,25,47.896404,-122.233002,10.171
RT2CC01,26,47.897064,-122.228004,10.551
RT2CC01,27,47.901787,-122.228035,11.076
RT2CC01,28,47.904522,-122.228111,11.38
RT2CC01,29,47.908295,-122.227669,11.801
RT2CC01,30,47.909824,-122.221939,12.26
RT2CC01,31,47.910736,-122.218552,12.533
RT2CC01,32,47.907787,-122.216728,12.887
RT2CC01,33,47.907703,-122.213547,13.125
RT2CC01,34,47.907703,-122.213547,13.125
RT3NB01,1,47.920021,-122.269264,0.0
RT3NB01,2,47.919971,-122.264893,0.326
RT3NB01,3,47.921185,-122.262634,0.542
RT3NB01,4,47.921799,-122.257439,0.935
RT3NB01,5,47.921753,-122.252716,1.287
RT3NB01,6,47.921722,-122.250572,1.446
RT3NB01,7,47.921734,-122.247215,1.697
RT3NB01,8,47.921757,-122.243141,2.0
RT3NB01,9,47.921753,-122.241058,2.155
RT3NB01,10,47.921810,-122.238983,2.31
RT3NB01,11,47.921776,-122.236473,2.497
RT3NB01,12,47.921848,-122.230515,2.941
RT3NB01,13,47.926029,-122.226898,3.479
RT3NB01,14,47.927101,-122.228256,3.635
RT3NB01,15,47.930351,-122.228271,3.996
RT3NB01,16,47.932510,-122.228294,4.236
RT3NB01,17,47.935951,-122.228325,4.619
RT3NB01,18,47.938156,-122.228371,4.864
RT3NB01,19,47.941196,-122.228500,5.202
RT3NB01,20,47.945568,-122.228546,5.689
RT3NB01,21,47.948006,-122.228844,5.961
RT3NB01,22,47.952065,-122.230858,6.436
RT3NB01,23,47.954670,-122.231224,6.727
RT3NB01,24,47.956650,-122.231018,6.948
RT3NB01,25,47.959896,-122.224930,7.527
RT3NB01,26,47.962128,-122.219803,7.983
RT3NB01,27,47.963127,-122.212364,8.548
RT3NB01,28,47.964035,-122.207886,8.896
RT3NB01,29,47.966278,-122.207977,9.145
RT3NB01,30,47.970165,-122.208138,9.578
RT3NB01,31,47.972862,-122.208275,9.878
RT3NB01,32,47.975498,-122.208374,10.171
RT3NB01,33,47.977322,-122.207115,10.395
RT3NB01,34,47.978912,-122.207161,10.571
RT3NB01,35,47.981300,-122.207146,10.837
RT3NB01,36,47.981819,-122.203979,11.08
RT3NB01,37,47.981815,-122.200935,11.306
RT3NB01,38,47.981750,-122.196037,11.671
RT3NB01,39,47.978661,-122.193924,12.049
RT3NB01,40,47.976845,-122.194786,12.26
RT3NB01,41,47.974545,-122.197716,12.597
RT3NB01_VR,1,47.920021,-122.269264,0.0
RT3NB01_VR,2,47.919971,-122.264893,0.326
RT3NB01_VR,3,47.921185,-122.262634,0.542
RT3NB01_VR,4,47.921799,-122.257439,0.935
RT3NB01_VR,5,47.921753,-122.252716,1.287
RT3NB01_VR,6,47.921722,-122.250572,1.446
RT3NB01_VR,7,47.921734,-122.247215,1.697
RT3NB01_VR,8,47.921757,-122.243141,2.0
RT3NB01_VR,9,47.921753,-122.241058,2.155
RT3NB01_VR,10,47.921810,-122.238983,2.31
RT3NB01_VR,11,47.921776,-122.236473,2.497
RT3NB01_VR,12,47.921848,-122.230515,2.941
RT3NB01_VR,13,47.926029,-122.226898,3.479
RT3NB01_VR,14,47.927101,-122.228256,3.635
RT3NB01_VR,15,47.930351,-122.228271,3.996
RT3NB01_VR,16,47.932510,-122.228294,4.236
RT3NB01_VR,17,47.935951,-122.228325,4.619
RT3NB01_VR,18,47.938156,-122.228371,4.864
RT3NB01_VR,19,47.941196,-122.228500,5.202
RT3NB01_VR,20,47.945568,-122.228546,5.689
RT3NB01_VR,21,47.948006,-122.228844,5.961
RT3NB01_VR,22,47.952065,-122.230858,6.436
RT3NB01_VR,23,47.954670,-122.231224,6.727
RT3NB01_VR,24,47.956841,-122.232124,6.978
RT3NB01_VR,25,47.958183,-122.233047,7.142
RT3NB01_VR,26,47.957493,-122.231743,7.266
RT3NB01_VR,27,47.956650,-122.231018,7.374
RT3NB01_VR,28,47.959896,-122.224930,7.953
RT3NB01_VR,29,47.962128,-122.219803,8.409
RT3NB01_VR,30,47.963127,-122.212364,8.974
RT3NB01_VR,31,47.964035,-122.207886,9.322
RT3NB01_VR,32,47.966278,-122.207977,9.572
RT3NB01_VR,33,47.970165,-122.208138,10.004
RT3NB01_VR,34,47.972862,-122.208275,10.304
RT3NB01_VR,35,47.975498,-122.208374,10.597
RT3NB01_VR,36,47.977322,-122.207115,10.821
RT3NB01_VR,37,47.978912,-122.207161,10.997
RT3NB01_VR,38,47.981300,-122.207146,11.263
RT3NB01_VR,39,47.981819,-122.203979,11.506
RT3NB01_VR,40,47.981815,-122.200935,11.732
RT3NB01_VR,41,47.981750,-122.196037,12.097
RT3NB01_VR,42,47.978661,-122.193924,12.475
RT3NB01_VR,43,47.976845,-122.194786,12.687
RT3NB01_VR,44,47.974545,-122.197716,13.023
RT3NB02,1,47.920166,-122.270279,0.0
RT3NB02,2,47.917839,-122.271828,0.283
RT3NB02,3,47.913704,-122.271858,0.743
RT3NB02,4,47.913391,-122.272820,0.823
RT3NB02,5,47.914253,-122.276619,1.122
RT3NB02,6,47.916653,-122.276100,1.391
RT3NB02,7,47.925564,-122.280731,2.441
RT3NB02,8,47.932602,-122.277664,3.256
RT3NB02,9,47.931343,-122.266037,4.133
RT3NB02,10,47.932545,-122.261063,4.527
RT3NB02,11,47.920021,-122.269264,6.048
RT3NB02,12,47.919971,-122.264893,6.374
RT3NB02,13,47.921185,-122.262634,6.59
RT3NB02,14,47.921799,-122.257439,6.983
RT3NB02,15,47.921753,-122.252716,7.335
RT3NB02,16,47.921722,-122.250572,7.495
RT3NB02,17,47.921734,-122.247215,7.745
RT3NB02,18,47.921757,-122.243141,8.048
RT3NB02,19,47.921753,-122.241058,8.203
RT3NB02,20,47.921810,-122.238983,8.358
RT3NB02,21,47.921776,-122.236473,8.545
RT3NB02,22,47.921848,-122.230515,8.989
RT3NB02,23,47.926029,-122.226898,9.527
RT3NB02,24,47.927101,-122.228256,9.683
RT3NB02,25,47.930351,-122.228271,10.044
RT3NB02,26,47.932510,-122.228294,10.285
RT3NB02,27,47.935951,-122.228325,10.667
RT3NB02,28,47.938156,-122.228371,10.912
RT3NB02,29,47.941196,-122.228500,11.251
RT3NB02,30,47.945568,-122.228546,11.737
RT3NB02,31,47.948006,-122.228844,12.009
RT3NB02,32,47.952065,-122.230858,12.484
RT3NB02,33,47.954670,-122.231224,12.775
RT3NB02,34,47.956650,-122.231018,12.996
RT3NB02,35,47.959896,-122.224930,13.575
RT3NB02,36,47.962128,-122.219803,14.031
RT3NB02,37,47.963127,-122.212364,14.596
RT3NB02,38,47.964035,-122.207886,14.944
RT3NB02,39,47.966278,-122.207977,15.194
RT3NB02,40,47.970165,-122.208138,15.626
RT3NB02,41,47.972862,-122.208275,15.926
RT3NB02,42,47.975498,-122.208374,16.219
RT3NB02,43,47.977322,-122.207115,16.443
RT3NB02,44,47.978912,-122.207161,16.619
RT3NB02,45,47.981300,-122.207146,16.885
RT3NB02,46,47.981819,-122.203979,17.128
RT3NB02,47,47.981815,-122.200935,17.354
RT3NB02,48,47.981750,-122.196037,17.719
RT3NB02,49,47.978661,-122.193924,18.097
RT3NB02,50,47.976845,-122.194786,18.309
RT3NB02,51,47.974545,-122.197716,18.645
RT3NB02_VR,1,47.920166,-122.270279,0.0
RT3NB02_VR,2,47.917839,-122.271828,0.283
RT3NB02_VR,3,47.913704,-122.271858,0.743
RT3NB02_VR,4,47.913391,-122.272820,0.823
RT3NB02_VR,5,47.914253,-122.276619,1.122
RT3NB02_VR,6,47.916653,-122.276100,1.391
RT3NB02_VR,7,47.925564,-122.280731,2.441
RT3NB02_VR,8,47.932602,-122.277664,3.256
RT3NB02_VR,9,47.931343,-122.266037,4.133
RT3NB02_VR,10,47.932545,-122.261063,4.527
RT3NB02_VR,11,47.920021,-122.269264,6.048
RT3NB02_VR,12,47.919971,-122.264893,6.374
RT3NB02_VR,13,47.921185,-122.262634,6.59
RT3NB02_VR,14,47.921799,-122.257439,6.983
RT3NB02_VR,15,47.921753,-122.252716,7.335
RT3NB02_VR,16,47.921722,-122.250572,7.495
RT3NB02_VR,17,47.921734,-122.247215,7.745
RT3NB02_VR,18,47.921757,-122.243141,8.048
RT3NB02_VR,19,47.921753,-122.241058,8.203
RT3NB02_VR,20,47.921810,-122.238983,8.358
RT3NB02_VR,21,47.921776,-122.236473,8.545
RT3NB02_VR,22,47.921848,-122.230515,8.989
RT3NB02_VR,23,47.926029,-122.226898,9.527
RT3NB02_VR,24,47.927101,-122.228256,9.683
RT3NB02_VR,25,47.930351,-122.228271,10.044
RT3NB02_VR,26,47.932510,-122.228294,10.285
RT3NB02_VR,27,47.935951,-122.228325,10.667
RT3NB02_VR,28,47.938156,-122.228371,10.912
RT3NB02_VR,29,47.941196,-122.228500,11.251
RT3NB02_VR,30,47.945568,-122.228546,11.737
RT3NB02_VR,31,47.948006,-122.228844,12.009
RT3NB02_VR,32,47.952065,-122.230858,12.484
RT3NB02_VR,33,47.954670,-122.231224,12.775
RT3NB02_VR,34,47.956841,-122.232124,13.026
RT3NB02_VR,35,47.958183,-122.233047,13.19
RT3NB02_VR,36,47.957493,-122.231743,13.314
RT3NB02_VR,37,47.956650,-122.231018,13.422
RT3NB02_VR,38,47.959896,-122.224930,14.001
RT3NB02_VR,39,47.962128,-122.219803,14.457
RT3NB02_VR,40,47.963127,-122.212364,15.022
RT3NB02_VR,41,47.964035,-122.207886,15.37
RT3NB02_VR,42,47.966278,-122.207977,15.62
RT3NB02_VR,43,47.970165,-122.208138,16.052
RT3NB02_VR,44,47.972862,-122.208275,16.352
RT3NB02_VR,45,47.975498,-122.208374,16.645
RT3NB02_VR,46,47.977322,-122.207115,16.869
RT3NB02_VR,47,47.978912,-122.207161,17.046
RT3NB02_VR,48,47.981300,-122.207146,17.311
RT3NB02_VR,49,47.981819,-122.203979,17.554
RT3NB02_VR,50,47.981815,-122.200935,17.78
RT3NB02_VR,51,47.981750,-122.196037,18.145
RT3NB02_VR,52,47.978661,-122.193924,18.523
RT3NB02_VR,53,47.976845,-122.194786,18.735
RT3NB02_VR,54,47.974545,-122.197716,19.071
RT3SB01,1,47.974545,-122.197716,0.0
RT3SB01,2,47.978508,-122.193848,0.526
RT3SB01,3,47.981907,-122.194191,0.905
RT3SB01,4,47.981937,-122.199486,1.299
RT3SB01,5,47.981979,-122.202644,1.534
RT3SB01,6,47.981304,-122.207245,1.885
RT3SB01,7,47.979561,-122.207298,2.079
RT3SB01,8,47.977318,-122.207230,2.328
RT3SB01,9,47.976284,-122.208664,2.485
RT3SB01,10,47.974907,-122.208595,2.638
RT3SB01,11,47.972336,-122.208488,2.924
RT3SB01,12,47.969719,-122.208374,3.216
RT3SB01,13,47.965710,-122.208183,3.662
RT3SB01,14,47.963402,-122.208611,3.92
RT3SB01,15,47.963329,-122.211319,4.122
RT3SB01,16,47.962093,-122.218979,4.709
RT3SB01,17,47.959873,-122.225235,5.236
RT3SB01,18,47.956387,-122.231667,5.852
RT3SB01,19,47.954655,-122.231361,6.046
RT3SB01,20,47.952290,-122.230972,6.31
RT3SB01,21,47.947979,-122.228973,6.812
RT3SB01,22,47.945103,-122.228661,7.133
RT3SB01,23,47.941090,-122.228622,7.579
RT3SB01,24,47.938454,-122.228508,7.873
RT3SB01,25,47.936962,-122.228485,8.038
RT3SB01,26,47.934513,-122.228447,8.311
RT3SB01,27,47.932751,-122.228439,8.507
RT3SB01,28,47.929867,-122.228409,8.827
RT3SB01,29,47.927353,-122.228378,9.107
RT3SB01,30,47.925934,-122.227020,9.294
RT3SB01,31,47.925571,-122.224854,9.461
RT3SB01,32,47.922012,-122.228851,9.956
RT3SB01,33,47.922009,-122.233253,10.284
RT3SB01,34,47.921951,-122.236099,10.496
RT3SB01,35,47.921967,-122.237831,10.625
RT3SB01,36,47.921921,-122.241608,10.907
RT3SB01,37,47.921906,-122.243462,11.045
RT3SB01,38,47.921867,-122.246834,11.296
RT3SB01,39,47.921867,-122.250206,11.548
RT3SB01,40,47.921883,-122.253006,11.756
RT3SB01,41,47.921936,-122.258553,12.17
RT3SB01,42,47.921093,-122.262970,12.512
RT3SB01,43,47.920109,-122.265091,12.704
RT3SB01,44,47.920166,-122.270279,13.091
RT3SB01,45,47.925564,-122.280731,14.074
RT3SB01,46,47.920021,-122.269264,15.128
RT3SB01_VR,1,47.974545,-122.197716,0.0
RT3SB01_VR,2,47.978508,-122.193848,0.526
RT3SB01_VR,3,47.981907,-122.194191,0.905
RT3SB01_VR,4,47.981937,-122.199486,1.299
RT3SB01_VR,5,47.981979,-122.202644,1.534
RT3SB01_VR,6,47.981304,-122.207245,1.885
RT3SB01_VR,7,47.979561,-122.207298,2.079
RT3SB01_VR,8,47.977318,-122.207230,2.328
RT3SB01_VR,9,47.976284,-122.208664,2.485
RT3SB01_VR,10,47.974907,-122.208595,2.638
RT3SB01_VR,11,47.972336,-122.208488,2.924
RT3SB01_VR,12,47.969719,-122.208374,3.216
RT3SB01_VR,13,47.965710,-122.208183,3.662
RT3SB01_VR,14,47.963402,-122.208611,3.92
RT3SB01_VR,15,47.963329,-122.211319,4.122
RT3SB01_VR,16,47.962093,-122.218979,4.709
RT3SB01_VR,17,47.959873,-122.225235,5.236
RT3SB01_VR,18,47.956841,-122.232124,5.85
RT3SB01_VR,19,47.958183,-122.233047,6.014
RT3SB01_VR,20,47.957493,-122.231743,6.138
RT3SB01_VR,21,47.956387,-122.231667,6.261
RT3SB01_VR,22,47.954655,-122.231361,6.455
RT3SB01_VR,23,47.952290,-122.230972,6.719
RT3SB01_VR,24,47.947979,-122.228973,7.221
RT3SB01_VR,25,47.945103,-122.228661,7.542
RT3SB01_VR,26,47.941090,-122.228622,7.988
RT3SB01_VR,27,47.938454,-122.228508,8.281
RT3SB01_VR,28,47.936962,-122.228485,8.447
RT3SB01_VR,29,47.934513,-122.228447,8.72
RT3SB01_VR,30,47.932751,-122.228439,8.916
RT3SB01_VR,31,47.929867,-122.228409,9.236
RT3SB01_VR,32,47.927353,-122.228378,9.516
RT3SB01_VR,33,47.925934,-122.227020,9.703
RT3SB01_VR,34,47.925571,-122.224854,9.87
RT3SB01_VR,35,47.922012,-122.228851,10.365
RT3SB01_VR,36,47.922009,-122.233253,10.693
RT3SB01_VR,37,47.921951,-122.236099,10.905
RT3SB01_VR,38,47.921967,-122.237831,11.034
RT3SB01_VR,39,47.921921,-122.241608,11.316
RT3SB01_VR,40,47.921906,-122.243462,11.454
RT3SB01_VR,41,47.921867,-122.246834,11.705
RT3SB01_VR,42,47.921867,-122.250206,11.956
RT3SB01_VR,43,47.921883,-122.253006,12.165
RT3SB01_VR,44,47.921936,-122.258553,12.578
RT3SB01_VR,45,47.921093,-122.262970,12.921
RT3SB01_VR,46,47.920109,-122.265091,13.113
RT3SB01_VR,47,47.920166,-122.270279,13.5
RT3SB01_VR,48,47.925564,-122.280731,14.483
RT3SB01_VR,49,47.920021,-122.269264,15.536
RT3SB02,1,47.974545,-122.197716,0.0
RT3SB02,2,47.978508,-122.193848,0.526
RT3SB02,3,47.981907,-122.194191,0.905
RT3SB02,4,47.981937,-122.199486,1.299
RT3SB02,5,47.981979,-122.202644,1.534
RT3SB02,6,47.981304,-122.207245,1.885
RT3SB02,7,47.979561,-122.207298,2.079
RT3SB02,8,47.977318,-122.207230,2.328
RT3SB02,9,47.976284,-122.208664,2.485
RT3SB02,10,47.974907,-122.208595,2.638
RT3SB02,11,47.972336,-122.208488,2.924
RT3SB02,12,47.969719,-122.208374,3.216
RT3SB02,13,47.965710,-122.208183,3.662
RT3SB02,14,47.963402,-122.208611,3.92
RT3SB02,15,47.963329,-122.211319,4.122
RT3SB02,16,47.962093,-122.218979,4.709
RT3SB02,17,47.959873,-122.225235,5.236
RT3SB02,18,47.956387,-122.231667,5.852
RT3SB02,19,47.954655,-122.231361,6.046
RT3SB02,20,47.952290,-122.230972,6.31
RT3SB02,21,47.947979,-122.228973,6.812
RT3SB02,22,47.945103,-122.228661,7.133
RT3SB02,23,47.941090,-122.228622,7.579
RT3SB02,24,47.938454,-122.228508,7.873
RT3SB02,25,47.936962,-122.228485,8.038
RT3SB02,26,47.934513,-122.228447,8.311
RT3SB02,27,47.932751,-122.228439,8.507
RT3SB02,28,47.929867,-122.228409,8.827
RT3SB02,29,47.927353,-122.228378,9.107
RT3SB02,30,47.925934,-122.227020,9.294
RT3SB02,31,47.925571,-122.224854,9.461
RT3SB02,32,47.922012,-122.228851,9.956
RT3SB02,33,47.922009,-122.233253,10.284
RT3SB02,34,47.921951,-122.236099,10.496
RT3SB02,35,47.921967,-122.237831,10.625
RT3SB02,36,47.921921,-122.241608,10.907
RT3SB02,37,47.921906,-122.243462,11.045
RT3SB02,38,47.921867,-122.246834,11.296
RT3SB02,39,47.921867,-122.250206,11.548
RT3SB02,40,47.921883,-122.253006,11.756
RT3SB02,41,47.921936,-122.258553,12.17
RT3SB02,42,47.921093,-122.262970,12.512
RT3SB02,43,47.920109,-122.265091,12.704
RT3SB02,44,47.920166,-122.270279,13.091
RT3SB02,45,47.925564,-122.280731,14.074
RT3SB02,46,47.932602,-122.277664,14.889
RT3SB02,47,47.931343,-122.266037,15.767
RT3SB02,48,47.932545,-122.261063,16.161
RT3SB02,49,47.920021,-122.269264,17.681
RT3SB02_68,1,47.974545,-122.197716,0.0
RT3SB02_68,2,47.978508,-122.193848,0.526
RT3SB02_68,3,47.981907,-122.194191,0.905
RT3SB02_68,4,47.981937,-122.199486,1.299
RT3SB02_68,5,47.981979,-122.202644,1.534
RT3SB02_68,6,47.981304,-122.207245,1.885
RT3SB02_68,7,47.979561,-122.207298,2.079
RT3SB02_68,8,47.977318,-122.207230,2.328
RT3SB02_68,9,47.976284,-122.208664,2.485
RT3SB02_68,10,47.974907,-122.208595,2.638
RT3SB02_68,11,47.972336,-122.208488,2.924
RT3SB02_68,12,47.969719,-122.208374,3.216
RT3SB02_68,13,47.965710,-122.208183,3.662
RT3SB02_68,14,47.963402,-122.208611,3.92
RT3SB02_68,15,47.963329,-122.211319,4.122
RT3SB02_68,16,47.962093,-122.218979,4.709
RT3SB02_68,17,47.959873,-122.225235,5.236
RT3SB02_68,18,47.956387,-122.231667,5.852
RT3SB02_68,19,47.954655,-122.231361,6.046
RT3SB02_68,20,47.952290,-122.230972,6.31
RT3SB02_68,21,47.947979,-122.228973,6.812
RT3SB02_68,22,47.945103,-122.228661,7.133
RT3SB02_68,23,47.941090,-122.228622,7.579
RT3SB02_68,24,47.938454,-122.228508,7.873
RT3SB02_68,25,47.936962,-122.228485,8.038
RT3SB02_68,26,47.934513,-122.228447,8.311
RT3SB02_68,27,47.932751,-122.228439,8.507
RT3SB02_68,28,47.929867,-122.228409,8.827
RT3SB02_68,29,47.927353,-122.228378,9.107
RT3SB02_68,30,47.925934,-122.227020,9.294
RT3SB02_68,31,47.925571,-122.224854,9.461
RT3SB02_68,32,47.922012,-122.228851,9.956
RT3SB02_68,33,47.922009,-122.233253,10.284
RT3SB02_68,34,47.921951,-122.236099,10.496
RT3SB02_68,35,47.921967,-122.237831,10.625
RT3SB02_68,36,47.921921,-122.241608,10.907
RT3SB02_68,37,47.921906,-122.243462,11.045
RT3SB02_68,38,47.921867,-122.246834,11.296
RT3SB02_68,39,47.921867,-122.250206,11.548
RT3SB02_68,40,47.921883,-122.253006,11.756
RT3SB02_68,41,47.921936,-122.258553,12.17
RT3SB02_68,42,47.921093,-122.262970,12.512
RT3SB02_68,43,47.920109,-122.265091,12.704
RT3SB02_68,44,47.920166,-122.270279,13.091
RT3SB02_68,45,47.917839,-122.271828,13.374
RT3SB02_68,46,47.913704,-122.271858,13.834
RT3SB02_68,47,47.913391,-122.272820,13.913
RT3SB02_68,48,47.914253,-122.276619,14.212
RT3SB02_68,49,47.916653,-122.276100,14.482
RT3SB02_68,50,47.925564,-122.280731,15.531
RT3SB02_68,51,47.932602,-122.277664,16.347
RT3SB02_68,52,47.931343,-122.266037,17.224
RT3SB02_68,53,47.932545,-122.261063,17.618
RT3SB02_68,54,47.920021,-122.269264,19.139
RT3SB02_68VR,1,47.974545,-122.197716,0.0
RT3SB02_68VR,2,47.978508,-122.193848,0.526
RT3SB02_68VR,3,47.981907,-122.194191,0.905
RT3SB02_68VR,4,47.981937,-122.199486,1.299
RT3SB02_68VR,5,47.981979,-122.202644,1.534
RT3SB02_68VR,6,47.981304,-122.207245,1.885
RT3SB02_68VR,7,47.979561,-122.207298,2.079
RT3SB02_68VR,8,47.977318,-122.207230,2.328
RT3SB02_68VR,9,47.976284,-122.208664,2.485
RT3SB02_68VR,10,47.974907,-122.208595,2.638
RT3SB02_68VR,11,47.972336,-122.208488,2.924
RT3SB02_68VR,12,47.969719,-122.208374,3.216
RT3SB02_68VR,13,47.965710,-122.208183,3.662
RT3SB02_68VR,14,47.963402,-122.208611,3.92
RT3SB02_68VR,15,47.963329,-122.211319,4.122
RT3SB02_68VR,16,47.962093,-122.218979,4.709
RT3SB02_68VR,17,47.959873,-122.225235,5.236
RT3SB02_68VR,18,47.956841,-122.232124,5.85
RT3SB02_68VR,19,47.958183,-122.233047,6.014
RT3SB02_68VR,20,47.957493,-122.231743,6.138
RT3SB02_68VR,21,47.956387,-122.231667,6.261
RT3SB02_68VR,22,47.954655,-122.231361,6.455
RT3SB02_68VR,23,47.952290,-122.230972,6.719
RT3SB02_68VR,24,47.947979,-122.228973,7.221
RT3SB02_68VR,25,47.945103,-122.228661,7.542
RT3SB02_68VR,26,47.941090,-122.228622,7.988
RT3SB02_68VR,27,47.938454,-122.228508,8.281
RT3SB02_68VR,28,47.936962,-122.228485,8.447
RT3SB02_68VR,29,47.934513,-122.228447,8.72
RT3SB02_68VR,30,47.932751,-122.228439,8.916
RT3SB02_68VR,31,47.929867,-122.228409,9.236
RT3SB02_68VR,32,47.927353,-122.228378,9.516
RT3SB02_68VR,33,47.925934,-122.227020,9.703
RT3SB02_68VR,34,47.925571,-122.224854,9.87
RT3SB02_68VR,35,47.922012,-122.228851,10.365
RT3SB02_68VR,36,47.922009,-122.233253,10.693
RT3SB02_68VR,37,47.921951,-122.236099,10.905
RT3SB02_68VR,38,47.921967,-122.237831,11.034
RT3SB02_68VR,39,47.921921,-122.241608,11.316
RT3SB02_68VR,40,47.921906,-122.243462,11.454
RT3SB02_68VR,41,47.921867,-122.246834,11.705
RT3SB02_68VR,42,47.921867,-122.250206,11.956
RT3SB02_68VR,43,47.921883,-122.253006,12.165
RT3SB02_68VR,44,47.921936,-122.258553,12.578
RT3SB02_68VR,45,47.921093,-122.262970,12.921
RT3SB02_68VR,46,47.920109,-122.265091,13.113
RT3SB02_68VR,47,47.920166,-122.270279,13.5
RT3SB02_68VR,48,47.917839,-122.271828,13.783
RT3SB02_68VR,49,47.913704,-122.271858,14.243
RT3SB02_68VR,50,47.913391,-122.272820,14.322
RT3SB02_68VR,51,47.914253,-122.276619,14.621
RT3SB02_68VR,52,47.916653,-122.276100,14.891
RT3SB02_68VR,53,47.925564,-122.280731,15.94
RT3SB02_68VR,54,47.932602,-122.277664,16.755
RT3SB02_68VR,55,47.931343,-122.266037,17.633
RT3SB02_68VR,56,47.932545,-122.261063,18.027
RT3SB02_68VR,57,47.920021,-122.269264,19.548
RT3SB03,1,47.974545,-122.197716,0.0
RT3SB03,2,47.978508,-122.193848,0.526
RT3SB03,3,47.981907,-122.194191,0.905
RT3SB03,4,47.981937,-122.199486,1.299
RT3SB03,5,47.981979,-122.202644,1.534
RT3SB03,6,47.981304,-122.207245,1.885
RT3SB03,7,47.979561,-122.207298,2.079
RT3SB03,8,47.977318,-122.207230,2.328
RT3SB03,9,47.976284,-122.208664,2.485
RT3SB03,10,47.974907,-122.208595,2.638
RT3SB03,11,47.972336,-122.208488,2.924
RT3SB03,12,47.969719,-122.208374,3.216
RT3SB03,13,47.965710,-122.208183,3.662
RT3SB03,14,47.963402,-122.208611,3.92
RT3SB03,15,47.963329,-122.211319,4.122
RT3SB03,16,47.962093,-122.218979,4.709
RT3SB03,17,47.959873,-122.225235,5.236
RT3SB03,18,47.956387,-122.231667,5.852
RT3SB03,19,47.954655,-122.231361,6.046
RT3SB03,20,47.952290,-122.230972,6.31
RT3SB03,21,47.947979,-122.228973,6.812
RT3SB03,22,47.945103,-122.228661,7.133
RT3SB03,23,47.941090,-122.228622,7.579
RT3SB03,24,47.938454,-122.228508,7.873
RT3SB03,25,47.936962,-122.228485,8.038
RT3SB03,26,47.934513,-122.228447,8.311
RT3SB03,27,47.932751,-122.228439,8.507
RT3SB03,28,47.929867,-122.228409,8.827
RT3SB03,29,47.927353,-122.228378,9.107
RT3SB03,30,47.925934,-122.227020,9.294
RT3SB03,31,47.925571,-122.224854,9.461
RT3SB03,32,47.922012,-122.228851,9.956
RT3SB03,33,47.922009,-122.233253,10.284
RT3SB03,34,47.921951,-122.236099,10.496
RT3SB03,35,47.921967,-122.237831,10.625
RT3SB03,36,47.921921,-122.241608,10.907
RT3SB03,37,47.921906,-122.243462,11.045
RT3SB03,38,47.921867,-122.246834,11.296
RT3SB03,39,47.921867,-122.250206,11.548
RT3SB03,40,47.921883,-122.253006,11.756
RT3SB03,41,47.921936,-122.258553,12.17
RT3SB03,42,47.921093,-122.262970,12.512
RT3SB03,43,47.920109,-122.265091,12.704
RT3SB03,44,47.920166,-122.270279,13.091
RT4CW01,1,48.005245,-122.200294,0.0
RT4CW01,2,48.008369,-122.193901,0.589
RT4CW01,3,48.009403,-122.189331,0.948
RT4CW01,4,48.005856,-122.189018,1.343
RT4CW01,5,48.004234,-122.189056,1.523
RT4CW01,6,48.001354,-122.189133,1.844
RT4CW01,7,47.997681,-122.189201,2.252
RT4CW01,8,47.994690,-122.189278,2.585
RT4CW01,9,47.991959,-122.189354,2.888
RT4CW01,10,47.990280,-122.189392,3.075
RT4CW01,11,47.987923,-122.189461,3.337
RT4CW01,12,47.986927,-122.186836,3.562
RT4CW01,13,47.986904,-122.183952,3.776
RT4CW01,14,47.984386,-122.182503,4.077
RT4CW01,15,47.981895,-122.182556,4.354
RT4CW01,16,47.981789,-122.184265,4.481
RT4CW01,17,47.981247,-122.191078,4.992
RT4CW01,18,47.977615,-122.191200,5.396
RT4CW01,19,47.976833,-122.193153,5.565
RT4CW01,20,47.976845,-122.194786,5.687
RT4CW01,21,47.974426,-122.197998,6.047
RT4CW01,22,47.974121,-122.199783,6.184
RT4CW01,23,47.976742,-122.202682,6.547
RT4CW01,24,47.976673,-122.205536,6.759
RT4CW01,25,47.977894,-122.209503,7.084
RT4CW01,26,47.977814,-122.213516,7.383
RT4CW01,27,47.976410,-122.216103,7.631
RT4CW01,28,47.976482,-122.209152,8.148
RT4CW01,29,47.977322,-122.207115,8.326
RT4CW01,30,47.978912,-122.207161,8.503
RT4CW01,31,47.981300,-122.207146,8.769
RT4CW01,32,47.983418,-122.208481,9.024
RT4CW01,33,47.985405,-122.208412,9.245
RT4CW01,34,47.987419,-122.208313,9.469
RT4CW01,35,47.990063,-122.208252,9.764
RT4CW01,36,47.992729,-122.208160,10.06
RT4CW01,37,47.995319,-122.208107,10.348
RT4CW01,38,47.997921,-122.208031,10.637
RT4CW01,39,48.000523,-122.207977,10.927
RT4CW01,40,48.004486,-122.207878,11.368
RT4CW01,41,48.006977,-122.206467,11.664
RT4CW01,42,48.010075,-122.206383,12.008
RT4CW01,43,48.012398,-122.205826,12.27
RT4CW01,44,48.015350,-122.204872,12.606
RT4CW01,45,48.014301,-122.194252,13.404
RT4CW01,46,48.007664,-122.195229,14.146
RT4CW01,47,48.006229,-122.197060,14.356
RT4CW01,48,48.005245,-122.200294,14.62
RT5CC01,1,47.974640,-122.197952,0.0
RT5CC01,2,47.976696,-122.193466,0.405
RT5CC01,3,47.979362,-122.190887,0.758
RT5CC01,4,47.981693,-122.190094,1.024
RT5CC01,5,47.981644,-122.185616,1.357
RT5CC01,6,47.982048,-122.182434,1.598
RT5CC01,7,47.985710,-122.182358,2.005
RT5CC01,8,47.986992,-122.184113,2.199
RT5CC01,9,47.987022,-122.186394,2.368
RT5CC01,10,47.988228,-122.189308,2.623
RT5CC01,11,47.992592,-122.189209,3.109
RT5CC01,12,47.995056,-122.189148,3.383
RT5CC01,13,47.997738,-122.189072,3.681
RT5CC01,14,48.000057,-122.189034,3.939
RT5CC01,15,48.004032,-122.188934,4.381
RT5CC01,16,48.007408,-122.188812,4.757
RT5CC01,17,48.009525,-122.189209,4.994
RT5CC01,18,48.007664,-122.195229,5.487
RT5CC01,19,48.006229,-122.197060,5.697
RT5CC01,20,48.005245,-122.200294,5.961
RT5CC01,21,48.008369,-122.193901,6.55
RT5CC01,22,48.014137,-122.193657,7.192
RT5CC01,23,48.015560,-122.204987,8.049
RT5CC01,24,48.011650,-122.206467,8.498
RT5CC01,25,48.009262,-122.206535,8.763
RT5CC01,26,48.006676,-122.206612,9.051
RT5CC01,27,48.004070,-122.208115,9.362
RT5CC01,28,48.000465,-122.208229,9.762
RT5CC01,29,47.997917,-122.208290,10.046
RT5CC01,30,47.994862,-122.208397,10.386
RT5CC01,31,47.992237,-122.208435,10.678
RT5CC01,32,47.989655,-122.208496,10.965
RT5CC01,33,47.986946,-122.208565,11.266
RT5CC01,34,47.984959,-122.208603,11.487
RT5CC01,35,47.982616,-122.208611,11.747
RT5CC01,36,47.981304,-122.207245,11.925
RT5CC01,37,47.979561,-122.207298,12.119
RT5CC01,38,47.977318,-122.207230,12.369
RT5CC01,39,47.976604,-122.209503,12.555
RT5CC01,40,47.976566,-122.212143,12.752
RT5CC01,41,47.976490,-122.216141,13.05
RT5CC01,42,47.977741,-122.213089,13.316
RT5CC01,43,47.977848,-122.209190,13.607
RT5CC01,44,47.976547,-122.204865,13.96
RT5CC01,45,47.977207,-122.202904,14.123
RT5CC01,46,47.977619,-122.201675,14.225
RT5CC01,47,47.973988,-122.200195,14.644
RT5CC01,48,47.973289,-122.197113,14.886
RT6NB01,1,47.972824,-122.196930,0.0
RT6NB01,2,47.974121,-122.199783,0.257
RT6NB01,3,47.977150,-122.201393,0.614
RT6NB01,4,47.979313,-122.202759,0.875
RT6NB01,5,47.979332,-122.205528,1.081
RT6NB01,6,47.979370,-122.207748,1.247
RT6NB01,7,47.979393,-122.209755,1.396
RT6NB01,8,47.979416,-122.213257,1.657
RT6NB01,9,47.981014,-122.214203,1.848
RT6NB01,10,47.983116,-122.214149,2.082
RT6NB01,11,47.993382,-122.213692,3.224
RT6NB01,12,48.000328,-122.214844,4.001
RT6SB01,1,48.000328,-122.214844,0.0
RT6SB01,2,47.999268,-122.214005,0.133
RT6SB01,3,47.996693,-122.213898,0.42
RT6SB01,4,47.991840,-122.213989,0.959
RT6SB01,5,47.983421,-122.214363,1.896
RT6SB01,6,47.980518,-122.214447,2.219
RT6SB01,7,47.979282,-122.212646,2.411
RT6SB01,8,47.979237,-122.210258,2.589
RT6SB01,9,47.979179,-122.206642,2.858
RT6SB01,10,47.979164,-122.203865,3.065
RT6SB01,11,47.977619,-122.201675,3.301
RT6SB01,12,47.973988,-122.200195,3.72
RT6SB01,13,47.972824,-122.196930,3.995
RT701NB01,1,47.908085,-122.213638,0.0
RT701NB01,2,47.974907,-122.198288,7.518
RT701SB01,1,47.974907,-122.198288,0.0
RT701SB01,2,47.908085,-122.213638,7.518
RT70EB01,1,47.948441,-122.304337,0.0
RT70EB01,2,47.946510,-122.304108,0.215
RT70EB01,3,47.940247,-122.305824,0.923
RT70EB01,4,47.933353,-122.306381,1.691
RT70EB01,5,47.929367,-122.301849,2.248
RT70EB01,6,47.926003,-122.300377,2.638
RT70EB01,7,47.924004,-122.300308,2.86
RT70EB01,8,47.922016,-122.292786,3.463
RT70EB01,9,47.925564,-122.280731,4.444
RT70EB01,10,47.932602,-122.277664,5.259
RT70EB01,11,47.931343,-122.266037,6.137
RT70EB01,12,47.932545,-122.261063,6.531
RT70EB01,13,47.920246,-122.271919,8.12
RT70EB01,14,47.917839,-122.271828,8.387
RT70EB01,15,47.913704,-122.271858,8.847
RT70EB01,16,47.913391,-122.272820,8.927
RT70EB01,17,47.914253,-122.276619,9.226
RT70EB01,18,47.916653,-122.276100,9.495
RT70EB02,1,47.948441,-122.304337,0.0
RT70EB02,2,47.946510,-122.304108,0.215
RT70EB02,3,47.940247,-122.305824,0.923
RT70EB02,4,47.933353,-122.306381,1.691
RT70EB02,5,47.929367,-122.301849,2.248
RT70EB02,6,47.926003,-122.300377,2.638
RT70EB02,7,47.924004,-122.300308,2.86
RT70EB02,8,47.922016,-122.292786,3.463
RT70EB02,9,47.925564,-122.280731,4.444
RT70EB02,10,47.932602,-122.277664,5.259
RT70EB02,11,47.931343,-122.266037,6.137
RT70EB02,12,47.932545,-122.261063,6.531
RT70WB01,1,47.920246,-122.271919,0.0
RT70WB01,2,47.917839,-122.271828,0.268
RT70WB01,3,47.913704,-122.271858,0.728
RT70WB01,4,47.913391,-122.272820,0.807
RT70WB01,5,47.914253,-122.276619,1.106
RT70WB01,6,47.916653,-122.276100,1.376
RT70WB01,7,47.925564,-122.280731,2.425
RT70WB01,8,47.932602,-122.277664,3.24
RT70WB01,9,47.931343,-122.266037,4.118
RT70WB01,10,47.932545,-122.261063,4.512
RT70WB01,11,47.922153,-122.293472,7.189
RT70WB01,12,47.922871,-122.300064,7.686
RT70WB01,13,47.926064,-122.300179,8.042
RT70WB01,14,47.929092,-122.301147,8.386
RT70WB01,15,47.933525,-122.306290,9.01
RT70WB01,16,47.937569,-122.305992,9.46
RT70WB01,17,47.940029,-122.305717,9.735
RT70WB01,18,47.948441,-122.304337,10.676
RT7NB01,1,47.908085,-122.213638,0.0
RT7NB01,2,47.911255,-122.217476,0.454
RT7NB01,3,47.910355,-122.220833,0.723
RT7NB01,4,47.909477,-122.224091,0.985
RT7NB01,5,47.908173,-122.229050,1.382
RT7NB01,6,47.907383,-122.232086,1.625
RT7NB01,7,47.906582,-122.235001,1.86
RT7NB01,8,47.905804,-122.237938,2.095
RT7NB01,9,47.904903,-122.243767,2.541
RT7NB01,10,47.906986,-122.241806,2.815
RT7NB01,11,47.909409,-122.239571,3.132
RT7NB01,12,47.911091,-122.237991,3.353
RT7NB01,13,47.912395,-122.236771,3.524
RT7NB01,14,47.914165,-122.235107,3.757
RT7NB01,15,47.916698,-122.232758,4.088
RT7NB01,16,47.919621,-122.230019,4.472
RT7NB01,17,47.921398,-122.228302,4.707
RT7NB01,18,47.926216,-122.223877,5.336
RT7NB01,19,47.928135,-122.222076,5.588
RT7NB01,20,47.930405,-122.220497,5.867
RT7NB01,21,47.933464,-122.219597,6.214
RT7NB01,22,47.936691,-122.218719,6.578
RT7NB01,23,47.940853,-122.217606,7.049
RT7NB01,24,47.945679,-122.215988,7.599
RT7NB01,25,47.947468,-122.215187,7.806
RT7NB01,26,47.949734,-122.214211,8.068
RT7NB01,27,47.952854,-122.213310,8.422
RT7NB01,28,47.954659,-122.212990,8.624
RT7NB01,29,47.961071,-122.210564,9.359
RT7NB01,30,47.965649,-122.210785,9.869
RT7NB01,31,47.968422,-122.210907,10.177
RT7NB01,32,47.971558,-122.211044,10.526
RT7NB01,33,47.974110,-122.211159,10.81
RT7NB01,34,47.975426,-122.211220,10.956
RT7NB01,35,47.979237,-122.210258,11.386
RT7NB01,36,47.979179,-122.206642,11.655
RT7NB01,37,47.979164,-122.203865,11.862
RT7NB01,38,47.977619,-122.201675,12.099
RT7NB01,39,47.973988,-122.200195,12.517
RT7NB01,40,47.974640,-122.197952,12.699
RT7NB01,41,47.976742,-122.202682,13.122
RT7NB01,42,47.976673,-122.205536,13.335
RT7NB01,43,47.977322,-122.207115,13.473
RT7NB01,44,47.978912,-122.207161,13.649
RT7NB01,45,47.981300,-122.207146,13.915
RT7NB01,46,47.981819,-122.203979,14.158
RT7NB01,47,47.983028,-122.201370,14.394
RT7NB01,48,47.987354,-122.201263,14.875
RT7NB01,49,47.990322,-122.201172,15.205
RT7NB01,50,47.992718,-122.201118,15.471
RT7NB01,51,47.994080,-122.201088,15.623
RT7NB01,52,47.997894,-122.200981,16.047
RT7NB01,53,48.000526,-122.200912,16.34
RT7NB01,54,48.005501,-122.200294,16.895
RT7SB01,1,48.005501,-122.200294,0.0
RT7SB01,2,48.003860,-122.200111,0.183
RT7SB01,3,48.001865,-122.201149,0.418
RT7SB01,4,47.998665,-122.201241,0.774
RT7SB01,5,47.996082,-122.201294,1.061
RT7SB01,6,47.993454,-122.201363,1.353
RT7SB01,7,47.992111,-122.201385,1.503
RT7SB01,8,47.989567,-122.201469,1.786
RT7SB01,9,47.986774,-122.201530,2.096
RT7SB01,10,47.984127,-122.201599,2.391
RT7SB01,11,47.981979,-122.202644,2.642
RT7SB01,12,47.981304,-122.207245,2.992
RT7SB01,13,47.979561,-122.207298,3.186
RT7SB01,14,47.977318,-122.207230,3.436
RT7SB01,15,47.976547,-122.204865,3.631
RT7SB01,16,47.974426,-122.197998,4.194
RT7SB01,17,47.974121,-122.199783,4.332
RT7SB01,18,47.977150,-122.201393,4.689
RT7SB01,19,47.979313,-122.202759,4.95
RT7SB01,20,47.979332,-122.205528,5.156
RT7SB01,21,47.979370,-122.207748,5.322
RT7SB01,22,47.979393,-122.209755,5.471
RT7SB01,23,47.976086,-122.211510,5.861
RT7SB01,24,47.973579,-122.211395,6.14
RT7SB01,25,47.970894,-122.211281,6.439
RT7SB01,26,47.968689,-122.211182,6.684
RT7SB01,27,47.965786,-122.211044,7.007
RT7SB01,28,47.962395,-122.210938,7.384
RT7SB01,29,47.959042,-122.211395,7.759
RT7SB01,30,47.955006,-122.213272,8.229
RT7SB01,31,47.951431,-122.213928,8.629
RT7SB01,32,47.949139,-122.214790,8.892
RT7SB01,33,47.945747,-122.216324,9.286
RT7SB01,34,47.944180,-122.217026,9.468
RT7SB01,35,47.940998,-122.217888,9.828
RT7SB01,36,47.938950,-122.218468,10.059
RT7SB01,37,47.934795,-122.219566,10.529
RT7SB01,38,47.931755,-122.220398,10.872
RT7SB01,39,47.929874,-122.221085,11.088
RT7SB01,40,47.927605,-122.222954,11.376
RT7SB01,41,47.925571,-122.224854,11.643
RT7SB01,42,47.920998,-122.229095,12.241
RT7SB01,43,47.918808,-122.231155,12.529
RT7SB01,44,47.915794,-122.234001,12.926
RT7SB01,45,47.913776,-122.235863,13.19
RT7SB01,46,47.912216,-122.237320,13.394
RT7SB01,47,47.909752,-122.239639,13.718
RT7SB01,48,47.906776,-122.242386,14.107
RT7SB01,49,47.905766,-122.237236,14.507
RT7SB01,50,47.906902,-122.232994,14.848
RT7SB01,51,47.908295,-122.227669,15.274
RT7SB01,52,47.909824,-122.221939,15.734
RT7SB01,53,47.910736,-122.218552,16.006
RT7SB01,54,47.907787,-122.216728,16.361
RT7SB01,55,47.908085,-122.213638,16.593
RT7SB02_WCAS,1,48.005501,-122.200294,0.0
RT7SB02_WCAS,2,48.003860,-122.200111,0.183
RT7SB02_WCAS,3,48.001865,-122.201149,0.418
RT7SB02_WCAS,4,47.998665,-122.201241,0.774
RT7SB02_WCAS,5,47.996082,-122.201294,1.061
RT7SB02_WCAS,6,47.993454,-122.201363,1.353
RT7SB02_WCAS,7,47.992111,-122.201385,1.503
RT7SB02_WCAS,8,47.989567,-122.201469,1.786
RT7SB02_WCAS,9,47.986774,-122.201530,2.096
RT7SB02_WCAS,10,47.984127,-122.201599,2.391
RT7SB02_WCAS,11,47.981979,-122.202644,2.642
RT7SB02_WCAS,12,47.981304,-122.207245,2.992
RT7SB02_WCAS,13,47.979561,-122.207298,3.186
RT7SB02_WCAS,14,47.977318,-122.207230,3.436
RT7SB02_WCAS,15,47.976547,-122.204865,3.631
RT7SB02_WCAS,16,47.974426,-122.197998,4.194
RT7SB02_WCAS,17,47.974121,-122.199783,4.332
RT7SB02_WCAS,18,47.977150,-122.201393,4.689
RT7SB02_WCAS,19,47.979313,-122.202759,4.95
RT7SB02_WCAS,20,47.979332,-122.205528,5.156
RT7SB02_WCAS,21,47.979370,-122.207748,5.322
RT7SB02_WCAS,22,47.979393,-122.209755,5.471
RT7SB02_WCAS,23,47.976086,-122.211510,5.861
RT7SB02_WCAS,24,47.973579,-122.211395,6.14
RT7SB02_WCAS,25,47.970894,-122.211281,6.439
RT7SB02_WCAS,26,47.968689,-122.211182,6.684
RT7SB02_WCAS,27,47.965786,-122.211044,7.007
RT7SB02_WCAS,28,47.962395,-122.210938,7.384
RT7SB02_WCAS,29,47.959042,-122.211395,7.759
RT7SB02_WCAS,30,47.955006,-122.213272,8.229
RT7SB02_WCAS,31,47.951431,-122.213928,8.629
RT7SB02_WCAS,32,47.949139,-122.214790,8.892
RT7SB02_WCAS,33,47.945747,-122.216324,9.286
RT7SB02_WCAS,34,47.944180,-122.217026,9.468
RT7SB02_WCAS,35,47.940998,-122.217888,9.828
RT7SB02_WCAS,36,47.938950,-122.218468,10.059
RT7SB02_WCAS,37,47.934795,-122.219566,10.529
RT7SB02_WCAS,38,47.931755,-122.220398,10.872
RT7SB02_WCAS,39,47.929874,-122.221085,11.088
RT7SB02_WCAS,40,47.927605,-122.222954,11.376
RT7SB02_WCAS,41,47.925571,-122.224854,11.643
RT7SB02_WCAS,42,47.922012,-122.228851,12.138
RT7SB02_WCAS,43,47.922009,-122.233253,12.466
RT7SB02_WCAS,44,47.921951,-122.236099,12.678
RT7SB02_WCAS,45,47.921967,-122.237831,12.807
RT7SB02_WCAS,46,47.921921,-122.241608,13.089
RT7SB02_WCAS,47,47.921906,-122.243462,13.227
RT7SB02_WCAS,48,47.921867,-122.246834,13.478
RT7SB02_WCAS,49,47.921867,-122.250206,13.729
RT7SB02_WCAS,50,47.921883,-122.253006,13.938
RT7SB02_WCAS,51,47.921936,-122.258553,14.351
RT7SB02_WCAS,52,47.921093,-122.262970,14.694
RT7SB02_WCAS,53,47.920109,-122.265091,14.886
RT7SB02_WCAS,54,47.920166,-122.270279,15.273
RT7SB02_WCAS,55,47.920998,-122.229095,18.343
RT7SB02_WCAS,56,47.918808,-122.231155,18.631
RT7SB02_WCAS,57,47.915794,-122.234001,19.027
RT7SB02_WCAS,58,47.913776,-122.235863,19.291
RT7SB02_WCAS,59,47.912216,-122.237320,19.496
RT7SB02_WCAS,60,47.909752,-122.239639,19.82
RT7SB02_WCAS,61,47.906776,-122.242386,20.209
RT7SB02_WCAS,62,47.905766,-122.237236,20.609
RT7SB02_WCAS,63,47.906902,-122.232994,20.949
RT7SB02_WCAS,64,47.908295,-122.227669,21.375
RT7SB02_WCAS,65,47.909824,-122.221939,21.835
RT7SB02_WCAS,66,47.910736,-122.218552,22.107
RT7SB02_WCAS,67,47.907787,-122.216728,22.462
RT7SB02_WCAS,68,47.908085,-122.213638,22.695
RT8NB01,1,47.890163,-122.258759,0.0
RT8NB01,2,47.896416,-122.262329,0.745
RT8NB01,3,47.896370,-122.255844,1.228
RT8NB01,4,47.894665,-122.256813,1.431
RT8NB01,5,47.897388,-122.250786,1.973
RT8NB01,6,47.904903,-122.243767,2.959
RT8NB01,7,47.906986,-122.241806,3.233
RT8NB01,8,47.909409,-122.239571,3.549
RT8NB01,9,47.911091,-122.237991,3.77
RT8NB01,10,47.912395,-122.236771,3.941
RT8NB01,11,47.914165,-122.235107,4.174
RT8NB01,12,47.916698,-122.232758,4.506
RT8NB01,13,47.919621,-122.230019,4.89
RT8NB01,14,47.922012,-122.228851,5.169
RT8NB01,15,47.922009,-122.233253,5.497
RT8NB01,16,47.921951,-122.236099,5.709
RT8NB01,17,47.921967,-122.237831,5.839
RT8NB01,18,47.924438,-122.240356,6.172
RT8NB01,19,47.928051,-122.243332,6.63
RT8NB01,20,47.929424,-122.246780,6.929
RT8NB01,21,47.931515,-122.249123,7.22
RT8NB01,22,47.934662,-122.250839,7.593
RT8NB01,23,47.935925,-122.251671,7.746
RT8NB01,24,47.938992,-122.253693,8.119
RT8NB01,25,47.941799,-122.255470,8.458
RT8NB01,26,47.942623,-122.256630,8.584
RT8NB01,27,47.941414,-122.259666,8.847
RT8NB01,28,47.941120,-122.264244,9.19
RT8NB01,29,47.941044,-122.266434,9.353
RT8NB01,30,47.938816,-122.267845,9.622
RT8NB01,31,47.936970,-122.264427,9.949
RT8NB01,32,47.934326,-122.261436,10.318
RT8NB01,33,47.930801,-122.260010,10.724
RT8NB01,34,47.929573,-122.254890,11.129
RT8NB01,35,47.931515,-122.249123,11.61
RT8NB01,36,47.934662,-122.250839,11.983
RT8NB01,37,47.935925,-122.251671,12.136
RT8NB01,38,47.938992,-122.253693,12.509
RT8NB01,39,47.941799,-122.255470,12.848
RT8NB01,40,47.942772,-122.255516,12.956
RT8NB01,41,47.943493,-122.250542,13.335
RT8NB01,42,47.943913,-122.244034,13.822
RT8NB01,43,47.944443,-122.240379,14.101
RT8NB01,44,47.944069,-122.237823,14.296
RT8NB01,45,47.944592,-122.235428,14.483
RT8NB01,46,47.944462,-122.231522,14.775
RT8NB01,47,47.941925,-122.229568,15.092
RT8NB01,48,47.941090,-122.228622,15.209
RT8NB01,49,47.938454,-122.228508,15.502
RT8NB01,50,47.936962,-122.228485,15.668
RT8NB01,51,47.936317,-122.224342,15.985
RT8NB01,52,47.936111,-122.217949,16.461
RT8NB01,53,47.936176,-122.214363,16.729
RT8NB01,54,47.936214,-122.210075,17.048
RT8NB01,55,47.936211,-122.205971,17.354
RT8NB01,56,47.936199,-122.203300,17.553
RT8NB01,57,47.937775,-122.199249,17.902
RT8NB01,58,47.941437,-122.199532,18.31
RT8NB01,59,47.943699,-122.199669,18.561
RT8NB01,60,47.945938,-122.199821,18.811
RT8NB01,61,47.949055,-122.200012,19.157
RT8NB01,62,47.956657,-122.200508,20.004
RT8NB01,63,47.967754,-122.200974,21.238
RT8NB01,64,47.970451,-122.201111,21.538
RT8NB01,65,47.972576,-122.201202,21.774
RT8NB01,66,47.973988,-122.200195,21.948
RT8NB01,67,47.974228,-122.197594,22.144
RT8NB02,1,47.890163,-122.258759,0.0
RT8NB02,2,47.896416,-122.262329,0.745
RT8NB02,3,47.896370,-122.255844,1.228
RT8NB02,4,47.894665,-122.256813,1.431
RT8NB02,5,47.897388,-122.250786,1.973
RT8NB02,6,47.904903,-122.243767,2.959
RT8NB02,7,47.906986,-122.241806,3.233
RT8NB02,8,47.909409,-122.239571,3.549
RT8NB02,9,47.911091,-122.237991,3.77
RT8NB02,10,47.912395,-122.236771,3.941
RT8NB02,11,47.914165,-122.235107,4.174
RT8NB02,12,47.916698,-122.232758,4.506
RT8NB02,13,47.919621,-122.230019,4.89
RT8NB02,14,47.922012,-122.228851,5.169
RT8NB02,15,47.922009,-122.233253,5.497
RT8NB02,16,47.921951,-122.236099,5.709
RT8NB02,17,47.921967,-122.237831,5.839
RT8NB02,18,47.924438,-122.240356,6.172
RT8NB02,19,47.928051,-122.243332,6.63
RT8NB02,20,47.929424,-122.246780,6.929
RT8NB02,21,47.931515,-122.249123,7.22
RT8NB02,22,47.934662,-122.250839,7.593
RT8NB02,23,47.935925,-122.251671,7.746
RT8NB02,24,47.938992,-122.253693,8.119
RT8NB02,25,47.941799,-122.255470,8.458
RT8NB02,26,47.942772,-122.255516,8.566
RT8NB02,27,47.943493,-122.250542,8.945
RT8NB02,28,47.943913,-122.244034,9.432
RT8NB02,29,47.944443,-122.240379,9.711
RT8NB02,30,47.944069,-122.237823,9.906
RT8NB02,31,47.944592,-122.235428,10.093
RT8NB02,32,47.944462,-122.231522,10.385
RT8NB02,33,47.941925,-122.229568,10.702
RT8NB02,34,47.941090,-122.228622,10.819
RT8NB02,35,47.938454,-122.228508,11.112
RT8NB02,36,47.936962,-122.228485,11.278
RT8NB02,37,47.936317,-122.224342,11.595
RT8NB02,38,47.936111,-122.217949,12.071
RT8NB02,39,47.936176,-122.214363,12.339
RT8NB02,40,47.936214,-122.210075,12.658
RT8NB02,41,47.936211,-122.205971,12.964
RT8NB02,42,47.936199,-122.203300,13.163
RT8NB02,43,47.937775,-122.199249,13.512
RT8NB02,44,47.941437,-122.199532,13.92
RT8NB02,45,47.943699,-122.199669,14.171
RT8NB02,46,47.945938,-122.199821,14.42
RT8NB02,47,47.949055,-122.200012,14.767
RT8NB02,48,47.956657,-122.200508,15.613
RT8NB02,49,47.967754,-122.200974,16.848
RT8NB02,50,47.970451,-122.201111,17.148
RT8NB02,51,47.972576,-122.201202,17.384
RT8NB02,52,47.973988,-122.200195,17.558
RT8NB02,53,47.974228,-122.197594,17.754
RT8SB01,1,47.974228,-122.197594,0.0
RT8SB01,2,47.974121,-122.199783,0.163
RT8SB01,3,47.972881,-122.201485,0.351
RT8SB01,4,47.970406,-122.201363,0.626
RT8SB01,5,47.967155,-122.201233,0.988
RT8SB01,6,47.956734,-122.200623,2.147
RT8SB01,7,47.948467,-122.200081,3.067
RT8SB01,8,47.945286,-122.199883,3.421
RT8SB01,9,47.942986,-122.199745,3.677
RT8SB01,10,47.940960,-122.199615,3.903
RT8SB01,11,47.939022,-122.199524,4.118
RT8SB01,12,47.936321,-122.203720,4.552
RT8SB01,13,47.936317,-122.205376,4.675
RT8SB01,14,47.936337,-122.209892,5.012
RT8SB01,15,47.936295,-122.213493,5.28
RT8SB01,16,47.936268,-122.217430,5.573
RT8SB01,17,47.936401,-122.222633,5.961
RT8SB01,18,47.936474,-122.225853,6.201
RT8SB01,19,47.938156,-122.228371,6.466
RT8SB01,20,47.941196,-122.228500,6.804
RT8SB01,21,47.942631,-122.230827,7.04
RT8SB01,22,47.945110,-122.233078,7.363
RT8SB01,23,47.944592,-122.235641,7.562
RT8SB01,24,47.944523,-122.239235,7.83
RT8SB01,25,47.944183,-122.243668,8.162
RT8SB01,26,47.943523,-122.251816,8.773
RT8SB01,27,47.942211,-122.255882,9.11
RT8SB01,28,47.939804,-122.254387,9.399
RT8SB01,29,47.936867,-122.252457,9.756
RT8SB01,30,47.934769,-122.251083,10.011
RT8SB01,31,47.933750,-122.250427,10.134
RT8SB01,32,47.929981,-122.247902,10.594
RT8SB01,33,47.929714,-122.255386,11.152
RT8SB01,34,47.930992,-122.260078,11.53
RT8SB01,35,47.935009,-122.261711,11.993
RT8SB01,36,47.937157,-122.265282,12.35
RT8SB01,37,47.937729,-122.267685,12.54
RT8SB01,38,47.939468,-122.267662,12.733
RT8SB01,39,47.940987,-122.263748,13.07
RT8SB01,40,47.941086,-122.260590,13.306
RT8SB01,41,47.942211,-122.255882,13.678
RT8SB01,42,47.939804,-122.254387,13.968
RT8SB01,43,47.936867,-122.252457,14.325
RT8SB01,44,47.934769,-122.251083,14.58
RT8SB01,45,47.933750,-122.250427,14.703
RT8SB01,46,47.929981,-122.247902,15.162
RT8SB01,47,47.927887,-122.243233,15.581
RT8SB01,48,47.925140,-122.240776,15.937
RT8SB01,49,47.921810,-122.238983,16.331
RT8SB01,50,47.921776,-122.236473,16.518
RT8SB01,51,47.921848,-122.230515,16.962
RT8SB01,52,47.920998,-122.229095,17.104
RT8SB01,53,47.918808,-122.231155,17.392
RT8SB01,54,47.915794,-122.234001,17.788
RT8SB01,55,47.913776,-122.235863,18.052
RT8SB01,56,47.912216,-122.237320,18.257
RT8SB01,57,47.909752,-122.239639,18.581
RT8SB01,58,47.906776,-122.242386,18.97
RT8SB01,59,47.903507,-122.245445,19.399
RT8SB01,60,47.900677,-122.248108,19.771
RT8SB01,61,47.898159,-122.250504,20.103
RT8SB01,62,47.895325,-122.253098,20.473
RT8SB01,63,47.892780,-122.255669,20.815
RT8SB01,64,47.890163,-122.258759,21.186
RT8SB02,1,47.974228,-122.197594,0.0
RT8SB02,2,47.974121,-122.199783,0.163
RT8SB02,3,47.972881,-122.201485,0.351
RT8SB02,4,47.970406,-122.201363,0.626
RT8SB02,5,47.967155,-122.201233,0.988
RT8SB02,6,47.956734,-122.200623,2.147
RT8SB02,7,47.948467,-122.200081,3.067
RT8SB02,8,47.945286,-122.199883,3.421
RT8SB02,9,47.942986,-122.199745,3.677
RT8SB02,10,47.940960,-122.199615,3.903
RT8SB02,11,47.939022,-122.199524,4.118
RT8SB02,12,47.936321,-122.203720,4.552
RT8SB02,13,47.936317,-122.205376,4.675
RT8SB02,14,47.936337,-122.209892,5.012
RT8SB02,15,47.936295,-122.213493,5.28
RT8SB02,16,47.936268,-122.217430,5.573
RT8SB02,17,47.936401,-122.222633,5.961
RT8SB02,18,47.936474,-122.225853,6.201
RT8SB02,19,47.938156,-122.228371,6.466
RT8SB02,20,47.941196,-122.228500,6.804
RT8SB02,21,47.942631,-122.230827,7.04
RT8SB02,22,47.945110,-122.233078,7.363
RT8SB02,23,47.944592,-122.235641,7.562
RT8SB02,24,47.944523,-122.239235,7.83
RT8SB02,25,47.944183,-122.243668,8.162
RT8SB02,26,47.943523,-122.251816,8.773
RT8SB02,27,47.942211,-122.255882,9.11
RT8SB02,28,47.939804,-122.254387,9.399
RT8SB02,29,47.936867,-122.252457,9.756
RT8SB02,30,47.934769,-122.251083,10.011
RT8SB02,31,47.933750,-122.250427,10.134
RT8SB02,32,47.929981,-122.247902,10.594
RT8SB02,33,47.927887,-122.243233,11.012
RT8SB02,34,47.925140,-122.240776,11.369
RT8SB02,35,47.921810,-122.238983,11.762
RT8SB02,36,47.921776,-122.236473,11.949
RT8SB02,37,47.921848,-122.230515,12.393
RT8SB02,38,47.920998,-122.229095,12.535
RT8SB02,39,47.918808,-122.231155,12.823
RT8SB02,40,47.915794,-122.234001,13.22
RT8SB02,41,47.913776,-122.235863,13.484
RT8SB02,42,47.912216,-122.237320,13.688
RT8SB02,43,47.909752,-122.239639,14.012
RT8SB02,44,47.906776,-122.242386,14.401
RT8SB02,45,47.903507,-122.245445,14.83
RT8SB02,46,47.900677,-122.248108,15.202
RT8SB02,47,47.898159,-122.250504,15.535
RT8SB02,48,47.895325,-122.253098,15.904
RT8SB02,49,47.892780,-122.255669,16.246
RT8SB02,50,47.890163,-122.258759,16.617
