block_seq_num,block_var_num,block_route_num,block_run_num
3927501-1,1,550,18
3923151-1,1,3,9
3923150-1,1,3,8
3923149-1,1,3,7
3923148-1,1,3,6
3923147-1,1,3,5
3923146-1,1,3,4
3923145-1,1,3,3
3923144-1,1,3,2
3923143-1,1,3,1
3923142-1,1,7,14
3923141-1,1,7,13
3923140-1,1,7,12
3923139-1,1,7,11
3923138-1,1,7,10
3923137-1,1,7,9
3923136-1,1,7,8
3923135-1,1,7,7
3923134-1,1,7,6
3923133-1,1,7,5
3923132-1,1,7,4
3923131-1,1,7,3
3923130-1,1,7,2
3923129-1,1,7,1
3923128-1,1,47,1
3923127-1,1,10,1
3923126-1,1,10,4
3923125-1,1,10,3
3923124-1,1,10,2
3923123-1,1,1,5
3923122-1,1,120,1
3923121-1,1,120,7
3923120-1,1,120,6
3923119-1,1,120,5
3923118-1,1,120,4
3923117-1,1,120,3
3923116-1,1,120,2
3923115-1,1,36,9
3923114-1,1,36,8
3923113-1,1,43,9
3923112-1,1,12,1
3923111-1,1,12,2
3923110-1,1,36,7
3923109-1,1,36,6
3923108-1,1,36,5
3923107-1,1,36,4
3923106-1,1,36,3
3923105-1,1,36,2
3923104-1,1,36,1
3923103-1,1,1,1
3923102-1,1,1,4
3923101-1,1,1,3
3923100-1,1,1,2
3923099-1,1,43,10
3923098-1,1,43,8
3923097-1,1,43,7
3923096-1,1,43,6
3923095-1,1,43,5
3923094-1,1,43,4
3923093-1,1,43,3
3923092-1,1,43,2
3923091-1,1,43,1
3923090-1,1,2,2
3923089-1,1,2,3
3923088-1,1,2,4
3923087-1,1,2,1
3923012-1,1,3,1
3923011-1,1,3,8
3923010-1,1,3,7
3923009-1,1,3,6
3923008-1,1,3,5
3923007-1,1,3,4
3923006-1,1,3,3
3923005-1,1,3,2
3923004-1,1,43,15
3923003-1,1,43,14
3923002-1,1,43,13
3923001-1,1,43,12
3922700-1,1,43,11
3922699-1,1,43,10
3922698-1,1,43,9
3922697-1,1,43,8
3922696-1,1,43,7
3922695-1,1,43,6
3922694-1,1,43,5
3922693-1,1,43,4
3922692-1,1,43,3
3922691-1,1,43,2
3922690-1,1,43,1
3922689-1,1,43,16
3922688-1,1,47,1
3922687-1,1,10,1
3922686-1,1,10,4
3922685-1,1,10,3
3922684-1,1,10,2
3922683-1,1,7,18
3922682-1,1,7,17
3922681-1,1,7,16
3922680-1,1,7,15
3922679-1,1,7,14
3922678-1,1,7,13
3922677-1,1,7,12
3922676-1,1,7,11
3922675-1,1,7,10
3922674-1,1,7,9
3922673-1,1,7,8
3922672-1,1,7,7
3922671-1,1,7,6
3922670-1,1,7,5
3922669-1,1,7,4
3922668-1,1,7,3
3922667-1,1,7,2
3922666-1,1,7,1
3922665-1,1,2,9
3922664-1,1,2,8
3922663-1,1,2,7
3922662-1,1,2,6
3922661-1,1,2,5
3922660-1,1,2,4
3922659-1,1,2,3
3922658-1,1,2,2
3922657-1,1,2,1
3922656-1,1,1,4
3922655-1,1,1,2
3922654-1,1,1,3
3922653-1,1,1,5
3922652-1,1,1,1
3922651-1,1,70,6
3922650-1,1,70,5
3922649-1,1,70,4
3922648-1,1,70,3
3922647-1,1,70,2
3922646-1,1,70,1
3922645-1,1,36,13
3922644-1,1,36,12
3922643-1,1,36,11
3922642-1,1,36,9
3922641-1,1,36,10
3922640-1,1,36,8
3922639-1,1,36,7
3922638-1,1,36,4
3922637-1,1,36,6
3922636-1,1,36,5
3922635-1,1,36,3
3922634-1,1,36,2
3922633-1,1,36,1
3922632-1,1,120,18
3922631-1,1,120,17
3922630-1,1,120,16
3922629-1,1,120,15
3922628-1,1,120,14
3922627-1,1,120,13
3922626-1,1,120,12
3922625-1,1,120,11
3922624-1,1,120,10
3922623-1,1,120,9
3922622-1,1,120,8
3922621-1,1,120,7
3922620-1,1,120,6
3922619-1,1,120,5
3922618-1,1,120,4
3922617-1,1,120,3
3922616-1,1,120,2
3922615-1,1,120,1
3922614-1,1,12,1
3922613-1,1,12,4
3922612-1,1,12,3
3922611-1,1,12,2
3920190-1,1,125,3
3920189-1,1,125,1
3920188-1,1,125,2
3920187-1,1,16,5
3920186-1,1,16,4
3920185-1,1,16,3
3920184-1,1,16,2
3920183-1,1,16,1
3920182-1,1,33,2
3920181-1,1,33,1
3920180-1,1,99,1
3920179-1,1,99,2
3920178-1,1,11,3
3920177-1,1,11,2
3920176-1,1,11,1
3920175-1,1,8,8
3920174-1,1,8,7
3920173-1,1,8,6
3920172-1,1,8,5
3920171-1,1,8,4
3920170-1,1,8,2
3920169-1,1,8,3
3920168-1,1,8,1
3920167-1,1,28,3
3920166-1,1,28,7
3920165-1,1,24,5
3920164-1,1,24,4
3920163-1,1,24,6
3920162-1,1,26,4
3920161-1,1,26,1
3920160-1,1,26,6
3920159-1,1,26,5
3920158-1,1,28,6
3920157-1,1,28,4
3920156-1,1,28,5
3920155-1,1,26,2
3920154-1,1,28,1
3920153-1,1,28,2
3920152-1,1,26,7
3920151-1,1,26,3
3920150-1,1,24,8
3920149-1,1,24,7
3920148-1,1,24,2
3920147-1,1,24,3
3920146-1,1,24,1
3920145-1,1,28,7
3920144-1,1,125,2
3920143-1,1,125,3
3920142-1,1,125,1
3920141-1,1,33,2
3920140-1,1,33,1
3920139-1,1,99,1
3920138-1,1,99,2
3920137-1,1,11,1
3920136-1,1,11,4
3920135-1,1,11,3
3920134-1,1,11,2
3920133-1,1,8,13
3920132-1,1,8,14
3920131-1,1,8,12
3920130-1,1,8,11
3920129-1,1,8,10
3920128-1,1,8,9
3920127-1,1,8,8
3920126-1,1,8,7
3920125-1,1,8,6
3920124-1,1,8,5
3920123-1,1,8,4
3920122-1,1,8,3
3920121-1,1,8,2
3920120-1,1,8,1
3920119-1,1,16,8
3920118-1,1,24,6
3920117-1,1,26,2
3920116-1,1,28,6
3920115-1,1,28,4
3920114-1,1,28,5
3920113-1,1,26,7
3920112-1,1,28,2
3920111-1,1,28,1
3920110-1,1,26,6
3920109-1,1,26,5
3920108-1,1,26,3
3920107-1,1,26,4
3920106-1,1,28,3
3920105-1,1,26,1
3920104-1,1,24,7
3920103-1,1,24,4
3920102-1,1,24,3
3920101-1,1,24,1
3920100-1,1,24,5
3920099-1,1,24,2
3920098-1,1,16,10
3920097-1,1,16,7
3920096-1,1,16,6
3920095-1,1,16,5
3920094-1,1,16,4
3920093-1,1,16,3
3920092-1,1,16,2
3920091-1,1,16,1
3920090-1,1,16,9
3920089-1,1,25,3
3920088-1,1,33,8
3920087-1,1,33,6
3920086-1,1,28,23
3920085-1,1,28,7
3920084-1,1,28,1
3920083-1,1,28,29
3920082-1,1,26,12
3920081-1,1,28,19
3920080-1,1,28,32
3920079-1,1,28,35
3920078-1,1,26,7
3920077-1,1,26,14
3920076-1,1,28,15
3920075-1,1,26,1
3920074-1,1,28,31
3920073-1,1,28,33
3920072-1,1,26,10
3920071-1,1,28,13
3920070-1,1,26,21
3920069-1,1,28,17
3920068-1,1,26,13
3920067-1,1,26,6
3920066-1,1,26,20
3920065-1,1,28,2
3920064-1,1,28,26
3920063-1,1,28,8
3920062-1,1,26,4
3920061-1,1,26,25
3920060-1,1,28,9
3920059-1,1,28,24
3920058-1,1,26,24
3920057-1,1,26,5
3920056-1,1,26,8
3920055-1,1,26,19
3920054-1,1,28,20
3920053-1,1,28,16
3920052-1,1,26,18
3920051-1,1,28,12
3920050-1,1,28,22
3920049-1,1,26,3
3920048-1,1,28,11
3920047-1,1,28,27
3920046-1,1,26,15
3920045-1,1,28,3
3920044-1,1,28,14
3920043-1,1,28,36
3920042-1,1,28,4
3920041-1,1,28,30
3920040-1,1,26,23
3920039-1,1,26,22
3920038-1,1,26,11
3920037-1,1,26,9
3920036-1,1,28,25
3920035-1,1,28,10
3920034-1,1,28,28
3920033-1,1,28,21
3920032-1,1,28,34
3920031-1,1,26,2
3920030-1,1,28,18
3920029-1,1,26,16
3920028-1,1,28,5
3920027-1,1,28,6
3920026-1,1,16,15
3920025-1,1,33,7
3920024-1,1,33,1
3920023-1,1,33,2
3920022-1,1,33,4
3920021-1,1,33,3
3920020-1,1,33,5
3920019-1,1,33,9
3920018-1,1,33,10
3920017-1,1,33,11
3920016-1,1,33,12
3920015-1,1,33,13
3920014-1,1,33,14
3920013-1,1,8,18
3920012-1,1,8,14
3920011-1,1,8,13
3920010-1,1,8,12
3920009-1,1,8,19
3920008-1,1,8,16
3920007-1,1,8,11
3920006-1,1,8,10
3920005-1,1,8,9
3920004-1,1,8,8
3920003-1,1,8,7
3920002-1,1,8,5
3920001-1,1,8,6
3920000-1,1,8,4
3919999-1,1,8,17
3919998-1,1,8,3
3919997-1,1,8,15
3919996-1,1,8,2
3919995-1,1,8,1
3919994-1,1,99,4
3919993-1,1,99,1
3919992-1,1,99,2
3919991-1,1,99,3
3919990-1,1,11,5
3919989-1,1,11,8
3919988-1,1,11,6
3919987-1,1,11,7
3919986-1,1,11,1
3919985-1,1,11,2
3919984-1,1,11,3
3919983-1,1,11,4
3919982-1,1,24,14
3919981-1,1,19,2
3919980-1,1,19,1
3919979-1,1,24,17
3919978-1,1,19,4
3919977-1,1,24,11
3919976-1,1,24,12
3919975-1,1,24,9
3919974-1,1,19,3
3919973-1,1,16,11
3919972-1,1,16,10
3919971-1,1,16,9
3919970-1,1,16,8
3919969-1,1,16,7
3919968-1,1,16,6
3919967-1,1,16,5
3919966-1,1,16,4
3919965-1,1,16,3
3919964-1,1,16,2
3919963-1,1,16,1
3919962-1,1,24,7
3919961-1,1,29,6
3919960-1,1,29,5
3919959-1,1,29,12
3919958-1,1,29,8
3919957-1,1,29,4
3919956-1,1,29,10
3919955-1,1,29,3
3919954-1,1,29,13
3919953-1,1,29,7
3919952-1,1,29,2
3919951-1,1,29,9
3919950-1,1,29,11
3919949-1,1,29,1
3919948-1,1,9,10
3919947-1,1,125,5
3919946-1,1,16,14
3919945-1,1,64,7
3919944-1,1,64,1
3919943-1,1,64,2
3919942-1,1,64,3
3919941-1,1,64,4
3919940-1,1,64,5
3919939-1,1,64,6
3919938-1,1,64,8
3919937-1,1,64,9
3919936-1,1,64,10
3919935-1,1,64,11
3919934-1,1,64,12
3919933-1,1,64,13
3919932-1,1,64,14
3919931-1,1,26,17
3919930-1,1,121,8
3919929-1,1,121,7
3919928-1,1,16,13
3919927-1,1,16,12
3919926-1,1,9,11
3919925-1,1,9,12
3919924-1,1,121,6
3919923-1,1,122,3
3919922-1,1,122,4
3919921-1,1,9,13
3919920-1,1,113,3
3919919-1,1,123,4
3919918-1,1,121,10
3919917-1,1,122,2
3919916-1,1,123,2
3919915-1,1,121,9
3919914-1,1,121,13
3919913-1,1,122,5
3919912-1,1,122,1
3919911-1,1,123,3
3919910-1,1,121,5
3919909-1,1,121,12
3919908-1,1,121,4
3919907-1,1,121,3
3919906-1,1,121,14
3919905-1,1,121,11
3919904-1,1,123,1
3919903-1,1,122,6
3919902-1,1,121,2
3919901-1,1,123,5
3919900-1,1,121,1
3919899-1,1,123,6
3919898-1,1,122,7
3919897-1,1,121,15
3919896-1,1,24,19
3919895-1,1,24,18
3919894-1,1,24,16
3919893-1,1,124,4
3919892-1,1,124,3
3919891-1,1,24,15
3919890-1,1,24,13
3919889-1,1,124,2
3919888-1,1,124,1
3919887-1,1,24,6
3919886-1,1,24,5
3919885-1,1,24,4
3919884-1,1,24,2
3919883-1,1,24,1
3919882-1,1,24,10
3919881-1,1,24,8
3919880-1,1,24,3
3919879-1,1,9,3
3919878-1,1,25,2
3919877-1,1,37,5
3919876-1,1,37,4
3919875-1,1,37,8
3919874-1,1,125,6
3919873-1,1,9,14
3919872-1,1,125,4
3919871-1,1,125,3
3919870-1,1,125,2
3919869-1,1,125,1
3919868-1,1,113,5
3919867-1,1,9,9
3919866-1,1,37,7
3919865-1,1,37,6
3919864-1,1,37,3
3919863-1,1,37,1
3919862-1,1,37,2
3919861-1,1,25,1
3919860-1,1,9,5
3919859-1,1,113,1
3919858-1,1,113,4
3919857-1,1,113,2
3919856-1,1,113,6
3919855-1,1,9,2
3919854-1,1,167,2
3919853-1,1,167,4
3919852-1,1,167,3
3919851-1,1,9,8
3919850-1,1,9,4
3919849-1,1,9,1
3919848-1,1,9,6
3919847-1,1,167,1
3919846-1,1,9,7
3912269-1,1,98,1
3912268-1,1,98,3
3912267-1,1,98,2
3912266-1,1,98,2
3912265-1,1,98,1
3912264-1,1,98,2
3912263-1,1,98,1
3912262-1,1,98,1
3912261-1,1,98,3
3912260-1,1,98,2
3912259-1,1,599,12
3912258-1,1,599,6
3912256-1,1,599,15
3912255-1,1,599,16
3912254-1,1,599,14
3912251-1,1,599,13
3912250-1,1,599,8
3912249-1,1,599,4
3912248-1,1,599,7
3912247-1,1,599,2
3912246-1,1,599,5
3912245-1,1,599,10
3912244-1,1,599,9
3912243-1,1,599,3
3912242-1,1,599,11
3912241-1,1,599,1
3912240-1,1,599,2
3912239-1,1,599,10
3912238-1,1,599,4
3912237-1,1,599,7
3912236-1,1,599,5
3912235-1,1,599,9
3912234-1,1,599,3
3912233-1,1,599,8
3912232-1,1,599,1
3912231-1,1,599,6
3912230-1,1,599,6
3912229-1,1,599,1
3912228-1,1,599,7
3912227-1,1,599,10
3912226-1,1,599,8
3912225-1,1,599,2
3912224-1,1,599,5
3912223-1,1,599,4
3912222-1,1,599,9
3912221-1,1,599,3
3908052-1,1,71,9
3908051-1,1,71,12
3908050-1,1,41,6
3908049-1,1,331,9
3908048-1,1,71,6
3908047-1,1,71,8
3908046-1,1,331,1
3908045-1,1,331,8
3908044-1,1,331,6
3908043-1,1,331,7
3908042-1,1,331,5
3908041-1,1,331,4
3908040-1,1,331,3
3908039-1,1,331,2
3908038-1,1,71,5
3908037-1,1,41,3
3908036-1,1,71,3
3908035-1,1,71,4
3908034-1,1,41,5
3908033-1,1,41,4
3908032-1,1,71,7
3908031-1,1,41,2
3908030-1,1,71,11
3908029-1,1,41,1
3908028-1,1,71,2
3908027-1,1,71,10
3908026-1,1,41,7
3908025-1,1,71,1
3908024-1,1,41,8
3908023-1,1,66,1
3908022-1,1,66,3
3908021-1,1,66,4
3908020-1,1,32,5
3908019-1,1,32,6
3908018-1,1,32,3
3908017-1,1,32,2
3908016-1,1,32,4
3908015-1,1,32,1
3908014-1,1,65,3
3908013-1,1,65,4
3908012-1,1,65,1
3908011-1,1,65,2
3908010-1,1,66,2
3907966-1,1,71,17
3907965-1,1,71,15
3907964-1,1,31,10
3907963-1,1,31,7
3907962-1,1,346,7
3907961-1,1,71,18
3907960-1,1,41,7
3907959-1,1,31,8
3907958-1,1,31,9
3907957-1,1,41,8
3907956-1,1,71,13
3907955-1,1,71,16
3907954-1,1,71,14
3907953-1,1,68,1
3907952-1,1,68,3
3907951-1,1,68,2
3907950-1,1,346,5
3907949-1,1,66,5
3907948-1,1,31,11
3907947-1,1,71,6
3907946-1,1,41,6
3907945-1,1,71,1
3907944-1,1,71,12
3907943-1,1,41,3
3907942-1,1,71,5
3907941-1,1,41,4
3907940-1,1,71,3
3907939-1,1,71,2
3907938-1,1,41,1
3907937-1,1,41,5
3907936-1,1,71,7
3907935-1,1,71,10
3907934-1,1,71,8
3907933-1,1,71,4
3907932-1,1,71,11
3907931-1,1,41,2
3907930-1,1,71,9
3907929-1,1,66,4
3907928-1,1,31,6
3907927-1,1,31,5
3907926-1,1,31,4
3907925-1,1,31,3
3907924-1,1,31,2
3907923-1,1,32,6
3907922-1,1,32,5
3907921-1,1,31,1
3907920-1,1,32,4
3907919-1,1,32,2
3907918-1,1,32,3
3907917-1,1,32,1
3907916-1,1,66,1
3907915-1,1,66,3
3907914-1,1,66,2
3907913-1,1,331,8
3907912-1,1,331,2
3907911-1,1,331,4
3907910-1,1,331,5
3907909-1,1,331,3
3907908-1,1,331,1
3907907-1,1,346,3
3907906-1,1,346,4
3907905-1,1,346,1
3907904-1,1,331,7
3907903-1,1,346,2
3907902-1,1,331,6
3907901-1,1,346,6
3902499-1,1,40,8
3902498-1,1,673,15
3902497-1,1,675,11
3902496-1,1,48,7
3902495-1,1,673,14
3902494-1,1,40,7
3902493-1,1,675,10
3902492-1,1,675,9
3902491-1,1,675,7
3902490-1,1,675,5
3902489-1,1,675,6
3902488-1,1,673,17
3902487-1,1,673,16
3902486-1,1,673,13
3902485-1,1,673,12
3902484-1,1,673,11
3902483-1,1,673,10
3902482-1,1,673,9
3902481-1,1,673,8
3902480-1,1,673,7
3902479-1,1,673,6
3902478-1,1,673,5
3902477-1,1,673,4
3902476-1,1,673,3
3902475-1,1,673,2
3902474-1,1,673,1
3902473-1,1,60,1
3902472-1,1,60,2
3902471-1,1,60,5
3902470-1,1,60,4
3902469-1,1,60,3
3902468-1,1,48,8
3902467-1,1,40,3
3902466-1,1,40,4
3902465-1,1,48,1
3902464-1,1,48,6
3902463-1,1,48,4
3902462-1,1,48,5
3902461-1,1,48,3
3902460-1,1,48,2
3902459-1,1,5,10
3902458-1,1,675,13
3902457-1,1,675,12
3902456-1,1,675,8
3902455-1,1,675,4
3902454-1,1,675,3
3902453-1,1,675,2
3902452-1,1,675,1
3902451-1,1,5,9
3902450-1,1,5,8
3902449-1,1,5,1
3902448-1,1,5,3
3902447-1,1,5,6
3902446-1,1,5,4
3902445-1,1,5,7
3902444-1,1,5,2
3902443-1,1,5,5
3902442-1,1,40,6
3902441-1,1,40,2
3902440-1,1,40,5
3902439-1,1,40,1
3902375-1,1,673,12
3902374-1,1,673,10
3902373-1,1,675,13
3902372-1,1,675,14
3902371-1,1,675,10
3902370-1,1,675,8
3902369-1,1,675,7
3902368-1,1,675,9
3902367-1,1,673,19
3902366-1,1,673,18
3902365-1,1,673,17
3902364-1,1,673,16
3902363-1,1,673,15
3902362-1,1,673,14
3902361-1,1,673,13
3902360-1,1,673,11
3902359-1,1,673,9
3902358-1,1,673,8
3902357-1,1,673,7
3902356-1,1,673,6
3902355-1,1,673,5
3902354-1,1,673,4
3902353-1,1,673,3
3902352-1,1,673,2
3902351-1,1,673,1
3902350-1,1,60,1
3902349-1,1,60,2
3902348-1,1,60,6
3902347-1,1,60,5
3902346-1,1,60,4
3902345-1,1,60,3
3902344-1,1,48,11
3902343-1,1,48,10
3902342-1,1,5,16
3902341-1,1,40,13
3902340-1,1,40,14
3902339-1,1,40,11
3902338-1,1,40,12
3902337-1,1,40,9
3902336-1,1,40,10
3902335-1,1,40,7
3902334-1,1,40,8
3902333-1,1,40,6
3902332-1,1,40,4
3902331-1,1,40,5
3902330-1,1,40,2
3902329-1,1,40,3
3902328-1,1,40,1
3902327-1,1,48,9
3902326-1,1,48,8
3902325-1,1,48,7
3902324-1,1,48,6
3902323-1,1,48,5
3902322-1,1,48,4
3902321-1,1,48,3
3902320-1,1,48,2
3902319-1,1,48,1
3902318-1,1,675,16
3902317-1,1,675,15
3902316-1,1,675,12
3902315-1,1,675,11
3902314-1,1,675,6
3902313-1,1,675,5
3902312-1,1,675,4
3902311-1,1,675,3
3902310-1,1,675,2
3902309-1,1,675,1
3902308-1,1,5,13
3902307-1,1,5,2
3902306-1,1,5,4
3902305-1,1,5,5
3902304-1,1,5,6
3902303-1,1,5,7
3902302-1,1,5,9
3902301-1,1,5,8
3902300-1,1,5,10
3902299-1,1,5,11
3902298-1,1,5,12
3902297-1,1,5,14
3902296-1,1,5,15
3902295-1,1,5,1
3902294-1,1,5,3
3902209-1,1,48,31
3902208-1,1,15,4
3902207-1,1,673,38
3902206-1,1,673,37
3902205-1,1,673,36
3902204-1,1,673,35
3902203-1,1,673,34
3902202-1,1,673,33
3902201-1,1,673,32
3902200-1,1,673,31
3902199-1,1,673,30
3902198-1,1,673,29
3902197-1,1,673,28
3902196-1,1,673,27
3902195-1,1,673,26
3902194-1,1,673,25
3902193-1,1,673,24
3902192-1,1,673,23
3902191-1,1,673,22
3902190-1,1,673,21
3902189-1,1,673,20
3902188-1,1,673,19
3902187-1,1,673,18
3902186-1,1,673,17
3902185-1,1,673,16
3902184-1,1,673,15
3902183-1,1,673,14
3902182-1,1,673,13
3902181-1,1,673,12
3902180-1,1,673,11
3902179-1,1,673,10
3902178-1,1,673,9
3902177-1,1,673,8
3902176-1,1,673,7
3902175-1,1,673,6
3902174-1,1,673,5
3902173-1,1,673,4
3902172-1,1,673,3
3902171-1,1,673,2
3902170-1,1,673,1
3902169-1,1,17,10
3902168-1,1,40,19
3902167-1,1,40,30
3902166-1,1,15,3
3902165-2,2,60,12
3902165-1,1,60,12
3902164-1,1,60,11
3902163-1,1,60,10
3902162-1,1,60,9
3902161-1,1,60,8
3902160-1,1,60,7
3902159-1,1,60,6
3902158-1,1,60,5
3902157-1,1,60,4
3902156-1,1,60,3
3902155-1,1,60,2
3902154-1,1,60,1
3902153-1,1,5,22
3902152-1,1,17,4
3902151-1,1,48,23
3902150-1,1,48,16
3902149-1,1,55,15
3902148-1,1,5,30
3902147-1,1,5,29
3902146-1,1,5,28
3902145-1,1,5,25
3902144-1,1,5,20
3902143-1,1,48,13
3902142-1,1,5,17
3902141-1,1,40,34
3902140-1,1,40,31
3902139-1,1,40,32
3902138-1,1,40,28
3902137-1,1,40,29
3902136-1,1,40,27
3902135-1,1,40,26
3902134-1,1,40,25
3902133-1,1,40,24
3902132-1,1,40,23
3902131-1,1,40,21
3902130-1,1,40,22
3902129-1,1,40,20
3902128-1,1,40,18
3902127-1,1,40,15
3902126-1,1,40,14
3902125-1,1,40,17
3902124-1,1,40,12
3902123-1,1,40,16
3902122-1,1,40,11
3902121-1,1,40,10
3902120-1,1,40,13
3902119-1,1,40,8
3902118-1,1,40,6
3902117-1,1,40,9
3902116-1,1,40,5
3902115-1,1,40,7
3902114-1,1,40,4
3902113-1,1,40,2
3902112-1,1,40,3
3902111-1,1,40,1
3902110-1,1,40,33
3902109-1,1,40,35
3902108-1,1,355,17
3902107-1,1,21,10
3902106-1,1,55,10
3902105-1,1,55,1
3902104-1,1,18,14
3902103-1,1,57,3
3902102-1,1,15,11
3902101-1,1,15,1
3902100-1,1,355,7
3902099-1,1,55,14
3902098-1,1,48,20
3902097-1,1,56,5
3902096-1,1,18,11
3902095-1,1,56,7
3902094-1,1,5,21
3902093-1,1,18,4
3902092-1,1,301,20
3902091-1,1,55,13
3902090-1,1,48,21
3902089-1,1,48,19
3902088-1,1,48,33
3902087-1,1,48,32
3902086-2,2,48,30
3902086-1,1,48,30
3902085-2,2,48,29
3902085-1,1,48,29
3902084-1,1,48,28
3902083-1,1,48,27
3902082-1,1,48,26
3902081-1,1,48,25
3902080-1,1,48,24
3902079-1,1,48,22
3902078-1,1,48,18
3902077-1,1,48,17
3902076-1,1,48,14
3902075-1,1,48,12
3902074-1,1,48,11
3902073-1,1,48,9
3902072-1,1,48,8
3902071-1,1,48,7
3902070-1,1,48,5
3902069-1,1,48,4
3902068-1,1,48,15
3902067-2,2,48,3
3902067-1,1,48,3
3902066-1,1,48,2
3902065-1,1,48,1
3902064-1,1,988,1
3902063-1,1,675,25
3902062-1,1,675,24
3902061-1,1,5,31
3902060-1,1,675,38
3902059-1,1,675,37
3902058-1,1,675,36
3902057-1,1,675,35
3902056-1,1,675,34
3902055-1,1,675,33
3902054-1,1,675,32
3902053-1,1,675,31
3902052-1,1,675,30
3902051-1,1,675,29
3902050-1,1,675,27
3902049-1,1,675,26
3902048-1,1,675,23
3902047-1,1,675,22
3902046-1,1,675,21
3902045-1,1,675,20
3902044-1,1,675,19
3902043-1,1,675,18
3902042-1,1,675,17
3902041-1,1,675,16
3902040-1,1,675,15
3902039-1,1,675,14
3902038-1,1,675,13
3902037-1,1,675,12
3902036-1,1,675,11
3902035-1,1,675,10
3902034-1,1,675,9
3902033-1,1,675,8
3902032-1,1,675,7
3902031-1,1,675,6
3902030-1,1,675,5
3902029-1,1,675,4
3902028-1,1,675,3
3902027-1,1,675,2
3902026-1,1,675,1
3902025-1,1,5,26
3902024-1,1,15,14
3902023-1,1,15,2
3902022-1,1,57,10
3902021-1,1,5,3
3902020-1,1,355,13
3902019-1,1,56,4
3902018-1,1,301,15
3902017-1,1,17,7
3902016-1,1,301,18
3902015-1,1,355,6
3902014-1,1,303,12
3902013-2,2,981,1
3902013-1,1,981,1
3902012-1,1,301,3
3902011-1,1,301,16
3902010-1,1,301,1
3902009-1,1,5,27
3902008-1,1,301,17
3902007-1,1,301,9
3902006-1,1,17,2
3902005-1,1,303,14
3902004-1,1,55,3
3902003-1,1,355,3
3902002-1,1,301,19
3902001-1,1,21,4
3902000-1,1,303,15
3901999-1,1,301,2
3901998-1,1,21,9
3901997-1,1,17,9
3901996-1,1,303,6
3901995-1,1,355,9
3901994-2,2,984,1
3901994-1,1,984,1
3901993-1,1,303,8
3901992-1,1,55,11
3901991-1,1,18,2
3901990-1,1,355,4
3901989-1,1,303,11
3901988-1,1,301,10
3901987-1,1,21,6
3901986-1,1,21,3
3901985-2,2,995,2
3901985-1,1,995,2
3901984-1,1,301,8
3901983-1,1,301,12
3901982-1,1,303,7
3901981-1,1,303,13
3901980-1,1,303,3
3901979-1,1,57,1
3901978-1,1,5,11
3901977-2,2,994,2
3901977-1,1,994,2
3901976-1,1,56,8
3901975-1,1,18,3
3901974-1,1,303,1
3901973-1,1,55,2
3901972-1,1,56,9
3901971-1,1,303,5
3901970-1,1,980,1
3901969-1,1,995,1
3901968-1,1,56,6
3901967-1,1,21,8
3901966-1,1,5,14
3901965-1,1,18,13
3901964-1,1,17,3
3901963-1,1,48,10
3901962-1,1,987,1
3901961-1,1,994,1
3901960-1,1,303,9
3901959-1,1,301,5
3901958-1,1,21,5
3901957-1,1,17,6
3901956-1,1,301,13
3901955-1,1,18,15
3901954-1,1,57,2
3901953-1,1,15,13
3901952-2,2,988,2
3901952-1,1,988,2
3901951-1,1,355,12
3901950-1,1,303,10
3901949-1,1,15,10
3901948-1,1,301,4
3901947-1,1,355,11
3901946-1,1,44,3
3901945-1,1,57,11
3901944-1,1,21,2
3901943-1,1,18,1
3901942-1,1,17,1
3901941-1,1,44,2
3901940-1,1,5,24
3901939-1,1,56,2
3901938-1,1,18,10
3901937-1,1,355,1
3901936-1,1,987,2
3901935-1,1,56,1
3901934-1,1,21,7
3901933-1,1,44,1
3901932-1,1,17,8
3901931-1,1,18,16
3901930-1,1,55,12
3901929-1,1,301,14
3901928-1,1,303,2
3901927-1,1,15,12
3901926-1,1,48,6
3901925-1,1,301,11
3901924-1,1,56,3
3901923-1,1,5,6
3901922-1,1,303,4
3901921-1,1,301,6
3901920-1,1,301,7
3901919-1,1,21,11
3901918-1,1,303,16
3901917-1,1,355,8
3901916-1,1,18,12
3901915-1,1,5,23
3901914-1,1,5,13
3901913-1,1,5,18
3901912-1,1,5,15
3901911-1,1,5,5
3901910-1,1,5,16
3901909-1,1,5,12
3901908-1,1,5,2
3901907-1,1,5,9
3901906-1,1,5,10
3901905-1,1,5,4
3901904-1,1,5,1
3901903-1,1,5,7
3901902-1,1,5,19
3900404-1,1,65,33
3900403-1,1,68,34
3900402-1,1,65,32
3900401-1,1,68,33
3900400-1,1,373,32
3900399-1,1,373,31
3900398-1,1,331,30
3900397-1,1,373,30
3900396-1,1,65,31
3900395-1,1,75,30
3900394-1,1,65,30
3900393-1,1,68,32
3900392-1,1,68,30
3900391-1,1,68,31
3900390-1,1,31,30
3900389-1,1,41,13
3900388-1,1,32,10
3900387-1,1,41,18
3900386-1,1,73,7
3900385-1,1,76,4
3900384-1,1,41,22
3900383-1,1,41,31
3900382-1,1,74,7
3900381-1,1,77,9
3900380-1,1,41,19
3900379-1,1,41,30
3900378-1,1,41,26
3900377-1,1,71,8
3900376-1,1,74,5
3900375-1,1,41,25
3900374-1,1,312,21
3900373-1,1,312,17
3900372-1,1,312,9
3900371-1,1,312,5
3900370-1,1,71,7
3900369-1,1,41,21
3900368-1,1,41,17
3900367-1,1,73,4
3900366-1,1,41,11
3900365-1,1,74,4
3900364-1,1,41,9
3900363-1,1,73,9
3900362-1,1,41,12
3900361-1,1,41,5
3900360-1,1,73,1
3900359-1,1,73,6
3900358-1,1,41,4
3900357-1,1,72,3
3900356-1,1,71,2
3900355-1,1,41,10
3900354-1,1,73,3
3900353-1,1,41,29
3900352-1,1,41,15
3900351-1,1,71,4
3900350-1,1,41,2
3900349-1,1,71,5
3900348-1,1,74,3
3900347-1,1,73,8
3900346-1,1,41,33
3900345-1,1,41,24
3900344-1,1,72,5
3900343-1,1,72,6
3900342-1,1,41,28
3900341-1,1,71,6
3900340-1,1,41,20
3900339-1,1,71,3
3900338-1,1,41,8
3900337-1,1,71,1
3900336-1,1,41,27
3900335-1,1,72,4
3900334-1,1,74,6
3900333-1,1,41,1
3900332-1,1,74,1
3900331-1,1,72,1
3900330-1,1,74,2
3900329-1,1,41,14
3900328-1,1,41,3
3900327-1,1,41,23
3900326-1,1,41,16
3900325-1,1,41,32
3900324-1,1,73,2
3900323-1,1,72,2
3900322-1,1,73,10
3900321-1,1,76,3
3900320-1,1,77,12
3900319-1,1,41,7
3900318-1,1,316,3
3900317-1,1,77,3
3900316-1,1,76,5
3900315-1,1,76,6
3900314-1,1,77,2
3900313-1,1,77,1
3900312-1,1,41,6
3900311-1,1,76,2
3900310-1,1,316,9
3900309-1,1,77,7
3900308-1,1,316,2
3900307-1,1,77,4
3900306-1,1,71,9
3900305-1,1,66,14
3900304-1,1,66,12
3900303-1,1,66,13
3900302-1,1,66,11
3900301-1,1,66,9
3900300-1,1,66,8
3900299-1,1,66,7
3900298-1,1,66,5
3900297-1,1,75,2
3900296-1,1,32,6
3900295-1,1,312,15
3900294-1,1,31,9
3900293-1,1,32,9
3900292-1,1,346,5
3900291-1,1,346,4
3900290-1,1,346,3
3900289-1,1,346,2
3900288-1,1,346,1
3900287-1,1,331,11
3900286-1,1,331,9
3900285-1,1,346,6
3900284-1,1,331,8
3900283-1,1,331,7
3900282-1,1,331,6
3900281-1,1,331,5
3900280-1,1,331,4
3900279-1,1,331,3
3900278-1,1,331,2
3900277-1,1,331,1
3900276-1,1,316,12
3900275-1,1,316,11
3900274-1,1,316,10
3900273-1,1,316,8
3900272-1,1,316,7
3900271-1,1,316,6
3900270-1,1,316,5
3900269-1,1,316,4
3900268-1,1,77,14
3900267-1,1,77,11
3900266-1,1,77,13
3900265-1,1,77,10
3900264-1,1,77,8
3900263-1,1,77,6
3900262-1,1,77,5
3900261-1,1,76,10
3900260-1,1,76,9
3900259-1,1,76,8
3900258-1,1,76,7
3900257-1,1,76,1
3900256-1,1,373,10
3900255-1,1,312,14
3900254-1,1,312,25
3900253-1,1,312,7
3900252-1,1,66,18
3900251-1,1,312,18
3900250-1,1,312,26
3900249-1,1,661,3
3900248-1,1,30,5
3900247-1,1,30,4
3900246-1,1,30,6
3900245-1,1,312,22
3900244-1,1,66,16
3900243-1,1,32,13
3900242-1,1,31,3
3900241-1,1,31,2
3900240-1,1,32,1
3900239-1,1,373,11
3900238-1,1,66,1
3900237-1,1,342,14
3900236-1,1,373,5
3900235-2,2,65,6
3900235-1,1,65,6
3900234-1,1,65,7
3900233-1,1,66,3
3900232-1,1,309,3
3900231-1,1,312,2
3900230-1,1,66,15
3900229-1,1,30,1
3900228-1,1,373,7
3900227-1,1,32,12
3900226-1,1,316,1
3900225-1,1,304,1
3900224-1,1,661,1
3900223-1,1,312,13
3900222-1,1,373,2
3900221-1,1,312,1
3900220-1,1,31,8
3900219-1,1,66,4
3900218-1,1,31,10
3900217-1,1,32,7
3900216-1,1,31,6
3900215-1,1,32,8
3900214-1,1,661,4
3900213-1,1,32,5
3900212-1,1,73,5
3900211-1,1,661,6
3900210-2,2,373,3
3900209-1,1,66,2
3900208-1,1,342,11
3900207-1,1,32,3
3900206-1,1,32,14
3900205-1,1,75,1
3900204-1,1,65,3
3900203-1,1,65,4
3900202-1,1,65,1
3900201-1,1,661,8
3900200-1,1,661,7
3900199-1,1,31,1
3900198-1,1,65,5
3900197-1,1,32,11
3900196-1,1,342,13
3900195-1,1,304,3
3900194-1,1,31,11
3900193-1,1,373,4
3900192-1,1,31,4
3900191-1,1,31,5
3900190-1,1,342,12
3900189-1,1,312,12
3900188-2,2,65,2
3900188-1,1,65,2
3900187-1,1,66,17
3900186-1,1,312,10
3900185-1,1,309,6
3900184-1,1,312,23
3900183-1,1,312,8
3900182-1,1,309,8
3900181-1,1,309,4
3900180-1,1,304,2
3900179-1,1,312,3
3900178-1,1,309,5
3900177-1,1,312,11
3900176-1,1,309,2
3900175-1,1,309,7
3900174-1,1,661,2
3900173-1,1,308,3
3900172-1,1,312,19
3900171-1,1,312,20
3900170-1,1,373,1
3900169-1,1,312,16
3900168-1,1,312,24
3900167-1,1,308,2
3900166-1,1,304,4
3900165-1,1,312,27
3900164-1,1,304,5
3900163-1,1,308,1
3900162-1,1,312,6
3900161-1,1,312,4
3900160-1,1,30,2
3900159-1,1,32,4
3900158-1,1,30,3
3900157-1,1,346,7
3900156-1,1,32,2
3900155-1,1,66,6
3900154-1,1,66,10
3900153-1,1,330,1
3899602-1,1,895,61
3899601-1,1,893,60
3898706-1,1,22,1
3898705-1,1,676,1
3898704-1,1,676,2
3898703-1,1,676,3
3898702-1,1,676,4
3898701-1,1,676,5
3898700-1,1,676,6
3898699-1,1,676,7
3898698-1,1,676,8
3898697-1,1,676,9
3898696-1,1,101,5
3898695-1,1,106,6
3898694-1,1,150,6
3898693-1,1,150,5
3898692-1,1,101,1
3898691-1,1,101,2
3898690-1,1,106,5
3898689-1,1,101,4
3898688-1,1,101,3
3898687-1,1,156,2
3898686-1,1,156,1
3898685-1,1,128,4
3898684-1,1,128,5
3898683-1,1,128,2
3898682-1,1,128,3
3898681-1,1,128,1
3898680-1,1,128,6
3898679-1,1,50,1
3898678-1,1,50,3
3898677-1,1,50,2
3898676-1,1,180,7
3898675-1,1,180,1
3898674-1,1,180,2
3898673-1,1,180,4
3898672-1,1,180,3
3898671-1,1,180,5
3898670-1,1,180,6
3898669-1,1,106,1
3898668-1,1,106,3
3898667-1,1,106,2
3898666-1,1,150,3
3898665-1,1,150,4
3898664-1,1,150,1
3898663-1,1,150,2
3898662-1,1,106,4
3898661-1,1,671,1
3898660-1,1,671,2
3898659-1,1,671,3
3898658-1,1,671,4
3898657-1,1,671,5
3898656-1,1,671,6
3898655-1,1,671,7
3898654-1,1,671,8
3898653-1,1,671,9
3898652-1,1,671,10
3898651-1,1,168,4
3898650-1,1,168,1
3898649-1,1,168,3
3898648-1,1,168,2
3898647-1,1,107,1
3898646-1,1,107,5
3898645-1,1,107,4
3898644-1,1,107,3
3898643-1,1,107,2
3898642-1,1,181,3
3898641-1,1,181,4
3898640-1,1,181,1
3898639-1,1,181,5
3898638-1,1,181,2
3898637-1,1,105,1
3898636-1,1,182,1
3898635-1,1,182,2
3898634-1,1,169,4
3898633-1,1,169,1
3898632-1,1,169,2
3898631-1,1,169,3
3898630-1,1,150,25
3898629-1,1,197,4
3898628-1,1,150,11
3898627-1,1,197,1
3898626-1,1,197,2
3898625-1,1,197,21
3898624-1,1,197,22
3898623-1,1,197,3
3898622-1,1,197,23
3898621-1,1,197,5
3898620-1,1,197,6
3898619-2,2,197,7
3898619-1,1,197,7
3898618-1,1,197,8
3898617-1,1,197,9
3898616-1,1,22,2
3898615-1,1,22,1
3898614-1,1,106,18
3898613-1,1,116,1
3898612-1,1,116,2
3898611-1,1,116,3
3898610-1,1,116,4
3898609-1,1,116,5
3898608-1,1,116,6
3898607-1,1,116,7
3898606-1,1,116,8
3898605-1,1,116,9
3898604-1,1,118,1
3898603-1,1,118,2
3898602-1,1,118,3
3898601-1,1,118,4
3898600-1,1,118,5
3898599-1,1,118,6
3898598-1,1,118,7
3898597-1,1,119,21
3898596-1,1,119,22
3898595-1,1,119,31
3898594-1,1,119,32
3898593-1,1,150,27
3898592-1,1,676,14
3898591-1,1,150,16
3898590-1,1,143,8
3898589-1,1,114,5
3898588-1,1,178,5
3898587-1,1,676,1
3898586-1,1,676,3
3898585-1,1,676,2
3898584-1,1,676,4
3898583-1,1,676,6
3898582-1,1,676,5
3898581-1,1,676,7
3898580-1,1,676,8
3898579-1,1,676,9
3898578-1,1,676,10
3898577-1,1,676,12
3898576-1,1,676,11
3898575-1,1,676,13
3898574-1,1,676,15
3898573-1,1,676,16
3898572-1,1,676,17
3898571-1,1,676,18
3898570-1,1,128,8
3898569-1,1,101,5
3898568-1,1,150,15
3898567-1,1,102,4
3898566-1,1,183,9
3898565-1,1,150,28
3898564-1,1,183,5
3898563-1,1,101,6
3898562-1,1,166,11
3898561-1,1,150,29
3898560-1,1,150,19
3898559-1,1,150,24
3898558-1,1,106,17
3898557-1,1,181,5
3898556-1,1,181,4
3898555-1,1,181,3
3898554-1,1,181,2
3898553-1,1,181,1
3898552-1,1,182,6
3898551-1,1,186,3
3898550-1,1,183,10
3898549-1,1,156,4
3898548-1,1,156,1
3898547-1,1,156,2
3898546-1,1,156,3
3898545-1,1,179,9
3898544-1,1,159,9
3898543-1,1,157,6
3898542-1,1,179,8
3898541-1,1,179,7
3898540-1,1,157,5
3898539-1,1,158,5
3898538-1,1,179,5
3898537-1,1,158,6
3898536-1,1,179,6
3898535-1,1,159,6
3898534-1,1,150,17
3898533-1,1,106,13
3898532-1,1,128,7
3898531-1,1,111,11
3898530-1,1,107,9
3898529-1,1,107,10
3898528-1,1,128,9
3898527-1,1,128,4
3898526-1,1,128,6
3898525-1,1,128,5
3898524-1,1,128,3
3898523-1,1,128,2
3898522-1,1,128,1
3898521-1,1,50,9
3898520-1,1,50,7
3898519-1,1,50,8
3898518-1,1,50,6
3898517-1,1,50,4
3898516-1,1,50,5
3898515-1,1,50,3
3898514-1,1,50,10
3898513-1,1,50,2
3898512-1,1,50,1
3898511-1,1,166,9
3898510-1,1,166,10
3898509-1,1,166,7
3898508-1,1,106,12
3898507-1,1,186,5
3898506-1,1,158,10
3898505-1,1,192,4
3898504-1,1,183,6
3898503-1,1,106,11
3898502-1,1,192,5
3898501-1,1,159,8
3898500-1,1,158,8
3898499-1,1,158,7
3898498-1,1,158,9
3898497-1,1,178,7
3898496-1,1,178,9
3898495-1,1,178,10
3898494-1,1,178,1
3898493-1,1,178,3
3898492-1,1,150,10
3898491-1,1,178,2
3898490-1,1,180,1
3898489-1,1,180,2
3898488-1,1,180,3
3898487-1,1,180,4
3898486-1,1,180,6
3898485-1,1,180,5
3898484-1,1,180,7
3898483-1,1,180,8
3898482-1,1,180,9
3898481-1,1,180,13
3898480-1,1,180,10
3898479-1,1,180,11
3898478-1,1,180,12
3898477-1,1,193,1
3898476-1,1,193,2
3898475-1,1,193,3
3898474-1,1,193,4
3898473-1,1,193,5
3898472-1,1,193,6
3898471-1,1,193,7
3898470-1,1,193,8
3898469-1,1,193,9
3898468-1,1,671,17
3898467-1,1,671,1
3898466-1,1,671,2
3898465-1,1,671,3
3898464-1,1,671,4
3898463-1,1,671,5
3898462-1,1,671,6
3898461-1,1,671,7
3898460-1,1,671,8
3898459-1,1,671,9
3898458-1,1,671,10
3898457-1,1,671,11
3898456-1,1,671,12
3898455-1,1,671,13
3898454-1,1,671,14
3898453-1,1,671,15
3898452-1,1,671,16
3898451-1,1,182,3
3898450-1,1,183,8
3898449-1,1,101,11
3898448-1,1,168,4
3898447-1,1,164,3
3898446-1,1,164,1
3898445-1,1,168,3
3898444-1,1,164,2
3898443-1,1,168,2
3898442-1,1,168,1
3898441-1,1,166,5
3898440-1,1,150,8
3898439-1,1,166,3
3898438-1,1,106,7
3898437-1,1,150,13
3898436-1,1,166,8
3898435-1,1,102,2
3898434-1,1,166,6
3898433-1,1,101,9
3898432-1,1,182,5
3898431-1,1,192,2
3898430-1,1,192,1
3898429-1,1,154,4
3898428-1,1,166,1
3898427-1,1,166,4
3898426-1,1,166,2
3898425-1,1,154,3
3898424-1,1,150,7
3898423-1,1,952,5
3898422-1,1,952,4
3898421-1,1,111,8
3898420-1,1,111,7
3898419-1,1,952,1
3898418-1,1,190,5
3898417-1,1,158,1
3898416-1,1,101,12
3898415-1,1,190,4
3898414-1,1,143,4
3898413-1,1,952,2
3898412-1,1,150,5
3898411-1,1,178,8
3898410-1,1,143,1
3898409-1,1,190,3
3898408-1,1,157,4
3898407-1,1,157,2
3898406-1,1,143,9
3898405-1,1,111,4
3898404-1,1,192,3
3898403-1,1,182,4
3898402-1,1,183,4
3898401-1,1,150,14
3898400-1,1,186,1
3898399-1,1,150,2
3898398-1,1,178,6
3898397-1,1,111,2
3898396-1,1,106,5
3898395-1,1,101,10
3898394-1,1,106,2
3898393-1,1,143,5
3898392-1,1,190,2
3898391-1,1,150,9
3898390-1,1,158,4
3898389-1,1,114,1
3898388-1,1,952,7
3898387-1,1,114,3
3898386-1,1,952,3
3898385-1,1,158,3
3898384-1,1,159,7
3898383-1,1,159,3
3898382-1,1,106,1
3898381-1,1,190,7
3898380-1,1,159,1
3898379-1,1,114,4
3898378-1,1,158,2
3898377-1,1,143,6
3898376-1,1,111,1
3898375-1,1,107,8
3898374-1,1,183,3
3898373-1,1,952,6
3898372-1,1,157,3
3898371-1,1,186,2
3898370-1,1,952,8
3898369-1,1,107,6
3898368-1,1,154,1
3898367-1,1,106,10
3898366-1,1,157,1
3898365-1,1,111,9
3898364-1,1,114,2
3898363-1,1,190,1
3898362-1,1,154,2
3898361-1,1,179,1
3898360-1,1,107,3
3898359-1,1,183,7
3898358-1,1,182,1
3898357-1,1,111,12
3898356-1,1,159,5
3898355-1,1,114,6
3898354-1,1,106,3
3898353-1,1,111,10
3898352-1,1,159,4
3898351-1,1,143,2
3898350-1,1,106,16
3898349-1,1,101,1
3898348-1,1,102,5
3898347-1,1,106,4
3898346-1,1,101,7
3898345-1,1,111,13
3898344-1,1,111,5
3898343-1,1,186,4
3898342-1,1,178,4
3898341-1,1,183,1
3898340-1,1,101,8
3898339-1,1,105,2
3898338-1,1,159,2
3898337-1,1,107,2
3898336-1,1,106,8
3898335-1,1,107,4
3898334-1,1,179,3
3898333-1,1,101,2
3898332-1,1,106,9
3898331-1,1,102,1
3898330-1,1,150,21
3898329-1,1,150,20
3898328-1,1,179,2
3898327-1,1,143,3
3898326-1,1,150,18
3898325-1,1,106,6
3898324-1,1,106,15
3898323-1,1,101,4
3898322-1,1,107,5
3898321-1,1,179,4
3898320-1,1,150,6
3898319-1,1,143,7
3898318-1,1,150,12
3898317-1,1,150,4
3898316-1,1,102,3
3898315-1,1,111,6
3898314-1,1,182,2
3898313-1,1,106,14
3898312-1,1,107,7
3898311-1,1,150,22
3898310-1,1,150,1
3898309-1,1,183,2
3898308-1,1,150,23
3898307-1,1,101,3
3898306-1,1,111,3
3898305-1,1,150,3
3898304-1,1,107,1
3898303-1,1,105,1
3898302-1,1,150,26
3898301-1,1,190,6
3898300-1,1,22,1
3898299-1,1,150,11
3898298-1,1,118,1
3898297-1,1,676,1
3898296-1,1,676,2
3898295-1,1,676,3
3898294-1,1,676,4
3898293-1,1,676,5
3898292-1,1,676,6
3898291-1,1,676,7
3898290-1,1,676,9
3898289-1,1,676,8
3898288-1,1,156,1
3898287-1,1,156,2
3898286-1,1,106,9
3898285-1,1,150,15
3898284-1,1,150,14
3898283-1,1,150,7
3898282-1,1,106,7
3898281-1,1,150,16
3898280-1,1,106,6
3898279-1,1,150,13
3898278-1,1,106,8
3898277-1,1,106,10
3898276-1,1,150,12
3898275-1,1,101,4
3898274-1,1,150,5
3898273-1,1,101,3
3898272-1,1,150,10
3898271-1,1,150,9
3898270-1,1,106,5
3898269-1,1,150,2
3898268-1,1,166,7
3898267-1,1,166,4
3898266-1,1,166,6
3898265-1,1,128,4
3898264-1,1,128,5
3898263-1,1,128,3
3898262-1,1,128,2
3898261-1,1,128,1
3898260-1,1,128,6
3898259-1,1,50,5
3898258-1,1,50,4
3898257-1,1,50,3
3898256-1,1,50,2
3898255-1,1,50,1
3898254-1,1,180,1
3898253-1,1,180,2
3898252-1,1,180,3
3898251-1,1,180,5
3898250-1,1,180,4
3898249-1,1,180,6
3898248-1,1,180,7
3898247-1,1,180,8
3898246-1,1,180,9
3898245-1,1,150,8
3898244-1,1,101,2
3898243-1,1,150,6
3898242-1,1,101,1
3898241-1,1,106,4
3898240-1,1,150,3
3898239-1,1,106,3
3898238-1,1,106,1
3898237-1,1,106,2
3898236-1,1,150,1
3898235-1,1,150,4
3898234-1,1,671,10
3898233-1,1,671,9
3898232-1,1,671,8
3898231-1,1,671,7
3898230-1,1,671,6
3898229-1,1,671,5
3898228-1,1,671,4
3898227-1,1,671,3
3898226-1,1,671,2
3898225-1,1,671,1
3898224-1,1,166,5
3898223-1,1,166,3
3898222-1,1,168,2
3898221-1,1,166,2
3898220-1,1,166,1
3898219-1,1,168,1
3898218-1,1,105,2
3898217-1,1,107,5
3898216-1,1,107,4
3898215-1,1,107,2
3898214-1,1,107,3
3898213-1,1,107,1
3898212-1,1,105,1
3898211-1,1,181,5
3898210-1,1,181,3
3898209-1,1,181,1
3898208-1,1,181,4
3898207-1,1,181,2
3898206-1,1,182,1
3898205-1,1,182,2
3898204-1,1,169,4
3898203-1,1,169,3
3898202-1,1,169,2
3898201-1,1,169,1
3896911-1,1,120,34
3896910-1,1,120,33
3896909-1,1,120,32
3896908-1,1,120,31
3896907-1,1,120,30
3896906-1,1,120,29
3896905-1,1,120,28
3896904-1,1,120,27
3896903-1,1,120,26
3896902-1,1,120,25
3896901-1,1,120,24
3896900-1,1,120,23
3896899-1,1,120,22
3896898-1,1,120,21
3896897-1,1,120,20
3896896-1,1,120,19
3896895-1,1,120,18
3896894-1,1,120,17
3896893-1,1,120,16
3896892-1,1,120,15
3896891-1,1,120,14
3896890-1,1,120,13
3896889-1,1,120,12
3896888-1,1,120,11
3896887-1,1,120,10
3896886-1,1,120,9
3896885-1,1,120,8
3896884-1,1,120,7
3896883-1,1,120,6
3896882-1,1,120,5
3896881-1,1,120,4
3896880-1,1,120,3
3896879-1,1,120,2
3896878-1,1,120,1
3896877-1,1,43,22
3896876-1,1,43,21
3896875-1,1,43,20
3896874-1,1,43,19
3896873-1,1,43,18
3896872-1,1,43,17
3896871-1,1,43,16
3896870-1,1,43,15
3896869-1,1,43,14
3896868-1,1,43,13
3896867-1,1,43,12
3896866-1,1,43,11
3896865-1,1,43,10
3896864-1,1,43,9
3896863-1,1,43,8
3896862-1,1,43,7
3896861-1,1,43,6
3896860-1,1,43,5
3896859-1,1,43,4
3896858-1,1,43,3
3896857-1,1,43,2
3896856-1,1,43,1
3896855-1,1,47,1
3896854-1,1,47,3
3896853-1,1,47,2
3896852-1,1,10,9
3896851-1,1,10,8
3896850-1,1,10,7
3896849-1,1,10,6
3896848-1,1,10,5
3896847-1,1,10,4
3896846-1,1,10,3
3896845-1,1,10,2
3896844-1,1,10,1
3896843-1,1,10,10
3896842-1,1,1,14
3896841-1,1,1,13
3896840-1,1,1,12
3896839-1,1,1,11
3896838-1,1,1,10
3896837-1,1,1,9
3896836-1,1,1,8
3896835-1,1,1,7
3896834-1,1,1,6
3896833-1,1,1,5
3896832-1,1,1,4
3896831-1,1,1,3
3896830-1,1,1,2
3896829-1,1,1,1
3896828-1,1,1,15
3896827-1,1,2,18
3896826-1,1,3,24
3896825-1,1,3,22
3896824-1,1,3,21
3896823-1,1,3,23
3896822-1,1,3,18
3896821-1,1,3,17
3896820-1,1,3,16
3896819-1,1,3,15
3896818-1,1,3,14
3896817-1,1,3,13
3896816-1,1,3,12
3896815-1,1,3,11
3896814-1,1,3,10
3896813-1,1,3,9
3896812-1,1,3,8
3896811-1,1,3,7
3896810-1,1,3,6
3896809-1,1,3,5
3896808-1,1,3,4
3896807-1,1,3,3
3896806-1,1,3,2
3896805-1,1,3,1
3896804-1,1,2,16
3896803-1,1,3,20
3896802-1,1,2,2
3896801-1,1,70,13
3896800-1,1,70,12
3896799-1,1,70,11
3896798-1,1,70,10
3896797-1,1,70,9
3896796-1,1,70,8
3896795-1,1,70,7
3896794-1,1,70,6
3896793-1,1,70,5
3896792-1,1,70,4
3896791-1,1,70,3
3896790-1,1,70,2
3896789-1,1,70,1
3896788-1,1,36,24
3896787-1,1,36,23
3896786-1,1,36,22
3896785-1,1,36,21
3896784-1,1,36,20
3896783-1,1,36,19
3896782-1,1,36,18
3896781-1,1,36,17
3896780-1,1,36,16
3896779-1,1,36,15
3896778-1,1,36,14
3896777-1,1,36,13
3896776-1,1,36,12
3896775-1,1,36,11
3896774-1,1,36,10
3896773-1,1,36,9
3896772-1,1,36,8
3896771-1,1,36,7
3896770-1,1,36,6
3896769-1,1,36,5
3896768-1,1,36,4
3896767-1,1,36,3
3896766-1,1,36,2
3896765-1,1,36,1
3896764-1,1,7,20
3896763-1,1,7,9
3896762-1,1,7,13
3896761-1,1,7,33
3896760-1,1,7,32
3896759-1,1,7,31
3896758-1,1,7,30
3896757-1,1,7,7
3896756-1,1,7,17
3896755-1,1,7,14
3896754-1,1,7,12
3896753-1,1,7,8
3896752-1,1,7,19
3896751-1,1,7,16
3896750-1,1,7,24
3896749-1,1,7,10
3896748-1,1,7,15
3896747-1,1,7,22
3896746-1,1,7,25
3896745-1,1,7,21
3896744-1,1,7,11
3896743-1,1,7,3
3896742-1,1,7,18
3896741-1,1,7,6
3896740-1,1,7,5
3896739-1,1,7,23
3896738-1,1,7,1
3896737-1,1,7,4
3896736-1,1,7,2
3896735-1,1,2,5
3896734-1,1,2,1
3896733-1,1,2,3
3896732-1,1,12,1
3896731-1,1,2,9
3896730-1,1,12,10
3896729-1,1,12,9
3896728-1,1,12,8
3896727-1,1,12,7
3896726-1,1,12,6
3896725-1,1,12,5
3896724-1,1,12,4
3896723-1,1,12,3
3896722-1,1,12,2
3896721-1,1,2,7
3896720-1,1,2,17
3896719-1,1,2,15
3896718-1,1,2,19
3896717-1,1,2,20
3896716-1,1,2,21
3896715-1,1,2,4
3896714-1,1,2,10
3896713-1,1,2,13
3896712-1,1,2,8
3896711-1,1,2,6
3896710-1,1,2,11
3896709-1,1,2,12
3896708-1,1,2,14
3895286-1,1,245,5
3895285-1,1,245,1
3895284-1,1,245,4
3895283-1,1,245,3
3895282-1,1,245,2
3895281-1,1,240,6
3895280-1,1,240,1
3895279-1,1,240,2
3895278-1,1,240,3
3895277-1,1,240,4
3895276-1,1,240,5
3895275-1,1,249,1
3895274-1,1,249,3
3895273-1,1,249,2
3895272-1,1,208,1
3895271-1,1,226,5
3895270-1,1,226,1
3895269-1,1,226,2
3895268-1,1,241,1
3895267-1,1,226,4
3895266-1,1,221,3
3895265-1,1,221,1
3895264-1,1,221,2
3895263-1,1,226,3
3895262-1,1,221,4
3895261-1,1,234,2
3895260-1,1,234,1
3895259-1,1,235,2
3895258-1,1,235,1
3895257-1,1,271,3
3895256-1,1,271,7
3895255-1,1,271,1
3895254-1,1,271,2
3895253-1,1,271,4
3895252-1,1,271,6
3895251-1,1,271,5
3895250-1,1,248,1
3895249-1,1,248,7
3895248-1,1,248,6
3895247-1,1,248,5
3895246-1,1,248,4
3895245-1,1,248,3
3895244-1,1,248,2
3891621-1,1,894,60
3891620-1,1,892,60
3891619-1,1,891,60
3891618-1,1,895,60
3891617-1,1,824,60
3891616-1,1,889,60
3891615-1,1,893,61
3891614-1,1,887,60
3891613-1,1,823,60
3891612-1,1,888,60
3891611-1,1,894,61
3891610-1,1,892,61
3891609-1,1,891,61
3891605-1,1,889,61
3891604-1,1,824,61
3891603-1,1,888,61
3891602-1,1,823,61
3891601-1,1,887,61
3889594-1,1,773,1
3889593-1,1,973,1
3889592-1,1,773,2
3889591-1,1,903,2
3889590-1,1,903,1
3889589-1,1,773,1
3889588-1,1,973,1
3889587-1,1,773,2
3889586-1,1,903,1
3889585-1,1,903,2
3889584-1,1,906,2
3889583-1,1,906,1
3889582-1,1,915,1
3889581-1,1,908,1
3889580-1,1,910,1
3889579-1,1,917,1
3889578-1,1,914,3
3889577-1,1,914,1
3889576-1,1,914,2
3889575-1,1,631,1
3889574-1,1,630,1
3889573-1,1,630,6
3889572-1,1,630,5
3889571-1,1,630,4
3889570-1,1,630,3
3889569-1,1,630,2
3889568-1,1,773,3
3889567-1,1,773,4
3889566-1,1,973,2
3889565-1,1,628,1
3889564-1,1,628,6
3889563-1,1,628,5
3889562-1,1,628,4
3889561-1,1,628,3
3889560-1,1,628,2
3889559-1,1,931,5
3889558-1,1,931,6
3889557-1,1,903,3
3889556-1,1,903,8
3889555-1,1,903,7
3889554-1,1,903,6
3889553-1,1,903,5
3889552-1,1,903,4
3889551-1,1,903,2
3889550-1,1,903,1
3889549-1,1,773,1
3889548-1,1,773,2
3889547-1,1,973,1
3889544-1,1,906,2
3889543-1,1,906,1
3889542-1,1,975,2
3889541-1,1,975,1
3889540-1,1,931,1
3889539-1,1,931,8
3889538-1,1,931,7
3889537-1,1,931,4
3889536-1,1,931,3
3889535-1,1,931,2
3889534-1,1,915,1
3889533-1,1,907,3
3889532-1,1,907,2
3889531-1,1,907,1
3889530-1,1,913,4
3889529-1,1,913,3
3889528-1,1,913,2
3889527-1,1,913,1
3889526-1,1,908,1
3889525-1,1,910,1
3889524-1,1,914,3
3889523-1,1,914,2
3889522-1,1,914,1
3889521-1,1,917,1
3889520-1,1,930,6
3889519-1,1,930,3
3889518-1,1,930,5
3889517-1,1,930,4
3889516-1,1,930,2
3889515-1,1,930,1
3889514-1,1,672,11
3889513-1,1,672,10
3889512-1,1,672,9
3889511-1,1,672,5
3889510-1,1,554,11
3889509-1,1,255,20
3889508-1,1,372,18
3889507-2,2,372,17
3889507-1,1,372,17
3889506-1,1,372,16
3889505-1,1,372,15
3889504-2,2,372,14
3889504-1,1,372,14
3889503-1,1,372,13
3889502-2,2,372,12
3889502-1,1,372,12
3889501-1,1,372,11
3889500-1,1,372,10
3889499-1,1,372,9
3889498-2,2,372,8
3889498-1,1,372,8
3889497-2,2,372,7
3889497-1,1,372,7
3889496-1,1,372,6
3889495-1,1,372,5
3889494-1,1,372,3
3889493-1,1,372,2
3889492-2,2,372,1
3889492-1,1,372,1
3889491-2,2,311,1
3889491-1,1,311,1
3889490-1,1,252,7
3889489-1,1,257,5
3889488-1,1,214,11
3889487-1,1,255,28
3889486-1,1,554,13
3889485-1,1,218,8
3889484-1,1,311,12
3889483-1,1,311,14
3889482-1,1,556,6
3889481-1,1,556,5
3889480-1,1,556,4
3889479-1,1,556,2
3889478-1,1,556,1
3889477-1,1,554,12
3889476-1,1,556,3
3889475-1,1,554,10
3889474-1,1,554,9
3889473-1,1,554,8
3889472-1,1,554,7
3889471-1,1,554,6
3889470-1,1,554,5
3889469-1,1,554,4
3889468-1,1,554,3
3889467-1,1,550,2
3889466-1,1,554,2
3889465-1,1,554,1
3889464-1,1,550,31
3889463-1,1,550,30
3889462-1,1,550,29
3889461-1,1,550,28
3889460-1,1,550,27
3889459-1,1,550,26
3889458-1,1,550,24
3889457-1,1,550,25
3889456-1,1,550,23
3889455-1,1,550,22
3889454-1,1,550,21
3889453-1,1,550,20
3889452-1,1,550,19
3889451-1,1,550,18
3889450-1,1,550,17
3889449-1,1,550,16
3889448-1,1,550,15
3889447-1,1,550,14
3889446-1,1,550,13
3889445-1,1,550,12
3889444-1,1,550,11
3889443-1,1,550,9
3889442-1,1,550,10
3889441-1,1,550,8
3889440-1,1,550,7
3889439-1,1,550,6
3889438-1,1,550,5
3889437-1,1,550,4
3889436-1,1,550,3
3889435-1,1,550,1
3889434-1,1,545,37
3889433-1,1,545,36
3889432-1,1,545,35
3889431-1,1,545,34
3889430-1,1,545,33
3889429-1,1,545,32
3889428-1,1,545,31
3889427-1,1,545,30
3889426-1,1,545,29
3889425-1,1,545,28
3889424-1,1,545,26
3889423-1,1,545,27
3889422-1,1,545,25
3889421-1,1,545,24
3889420-1,1,522,10
3889419-1,1,545,23
3889418-1,1,545,22
3889417-1,1,545,21
3889416-1,1,545,20
3889415-1,1,545,19
3889414-1,1,545,18
3889413-1,1,545,17
3889412-1,1,545,16
3889411-1,1,545,15
3889410-1,1,545,14
3889409-1,1,545,13
3889408-1,1,545,12
3889407-1,1,545,11
3889406-1,1,545,10
3889405-1,1,545,9
3889404-1,1,545,8
3889403-1,1,545,7
3889402-1,1,545,6
3889401-1,1,545,5
3889400-1,1,545,4
3889399-1,1,545,2
3889398-1,1,545,3
3889397-1,1,545,1
3889396-1,1,542,17
3889395-1,1,542,16
3889394-1,1,542,15
3889393-1,1,542,14
3889392-1,1,542,13
3889391-1,1,542,12
3889390-1,1,542,11
3889389-1,1,542,10
3889388-1,1,542,9
3889387-1,1,542,8
3889386-1,1,542,7
3889385-1,1,542,6
3889384-1,1,542,5
3889383-1,1,542,4
3889382-1,1,542,3
3889381-1,1,542,2
3889380-1,1,542,1
3889379-1,1,540,7
3889378-1,1,540,6
3889377-1,1,540,5
3889376-1,1,540,4
3889375-1,1,540,3
3889374-1,1,540,2
3889373-1,1,540,1
3889372-1,1,522,18
3889371-1,1,522,17
3889370-1,1,522,16
3889369-1,1,522,15
3889368-1,1,522,14
3889367-1,1,522,13
3889366-1,1,522,12
3889365-1,1,522,11
3889364-1,1,522,9
3889363-1,1,522,8
3889362-1,1,522,7
3889361-1,1,522,6
3889360-1,1,522,5
3889359-1,1,522,4
3889358-1,1,522,3
3889357-1,1,522,2
3889356-1,1,522,1
3889355-1,1,212,15
3889354-1,1,212,12
3889353-1,1,212,5
3889352-1,1,255,29
3889351-2,2,895,2
3889351-1,1,895,2
3889350-1,1,252,3
3889349-1,1,255,19
3889348-1,1,212,6
3889347-1,1,255,16
3889346-1,1,255,18
3889345-1,1,311,13
3889344-1,1,311,15
3889343-1,1,212,11
3889342-1,1,255,23
3889341-1,1,255,27
3889340-1,1,255,25
3889339-1,1,216,3
3889338-1,1,218,7
3889337-1,1,214,13
3889336-1,1,255,4
3889335-1,1,255,21
3889334-1,1,311,10
3889333-1,1,219,8
3889332-1,1,212,13
3889331-1,1,219,7
3889330-1,1,257,3
3889329-1,1,252,4
3889328-1,1,214,5
3889327-1,1,252,8
3889326-1,1,219,5
3889325-1,1,268,1
3889324-1,1,212,4
3889323-1,1,246,10
3889322-1,1,252,2
3889321-1,1,257,2
3889320-1,1,218,5
3889319-1,1,214,14
3889318-1,1,219,4
3889317-1,1,219,1
3889316-1,1,214,10
3889315-1,1,216,1
3889314-1,1,212,14
3889313-1,1,219,3
3889312-1,1,891,2
3889311-1,1,214,2
3889310-1,1,894,2
3889309-1,1,214,3
3889308-1,1,252,6
3889307-2,2,823,2
3889307-1,1,823,2
3889306-1,1,242,11
3889305-1,1,888,2
3889304-1,1,214,9
3889303-1,1,242,10
3889302-1,1,214,4
3889301-1,1,214,6
3889300-1,1,212,10
3889299-1,1,311,4
3889298-1,1,214,8
3889297-1,1,311,6
3889296-1,1,212,9
3889295-1,1,212,2
3889294-1,1,257,1
3889293-1,1,268,3
3889292-1,1,257,4
3889291-1,1,216,8
3889290-1,1,214,12
3889289-1,1,212,7
3889288-1,1,212,8
3889287-1,1,218,2
3889286-1,1,889,2
3889285-1,1,252,5
3889284-1,1,255,13
3889283-1,1,218,6
3889282-1,1,216,6
3889281-1,1,989,2
3889280-1,1,311,2
3889279-1,1,892,2
3889278-1,1,311,5
3889277-1,1,216,7
3889276-2,2,824,2
3889276-1,1,824,2
3889275-1,1,255,6
3889274-1,1,216,5
3889273-1,1,212,3
3889272-1,1,982,1
3889271-1,1,218,4
3889270-1,1,311,9
3889269-1,1,242,12
3889268-2,2,372,4
3889268-1,1,372,4
3889267-2,2,893,2
3889267-1,1,893,2
3889266-1,1,255,15
3889265-1,1,219,2
3889264-1,1,219,6
3889263-1,1,311,7
3889262-1,1,311,8
3889261-1,1,216,2
3889260-1,1,268,2
3889259-1,1,242,13
3889258-1,1,986,2
3889257-1,1,311,11
3889256-1,1,216,4
3889255-1,1,214,7
3889254-1,1,887,2
3889253-1,1,311,3
3889252-1,1,982,2
3889251-1,1,218,3
3889250-1,1,212,1
3889249-1,1,989,1
3889248-2,2,888,1
3889248-1,1,888,1
3889247-2,2,887,1
3889247-1,1,887,1
3889246-2,2,824,1
3889246-1,1,824,1
3889245-2,2,892,1
3889245-1,1,892,1
3889244-1,1,986,1
3889243-1,1,823,1
3889242-1,1,255,26
3889241-1,1,672,12
3889240-1,1,672,14
3889239-1,1,672,16
3889238-1,1,218,1
3889237-1,1,214,1
3889236-1,1,672,1
3889235-1,1,255,10
3889234-1,1,672,2
3889233-1,1,672,3
3889232-1,1,672,6
3889231-1,1,255,9
3889230-1,1,255,12
3889229-1,1,255,5
3889228-1,1,672,7
3889227-1,1,672,13
3889226-1,1,672,15
3889225-1,1,672,8
3889224-1,1,672,4
3889223-1,1,255,7
3889222-1,1,255,17
3889221-1,1,255,2
3889220-1,1,255,1
3889219-1,1,255,11
3889218-1,1,252,1
3889217-1,1,255,22
3889216-1,1,255,24
3889215-1,1,255,14
3889214-1,1,255,8
3889213-1,1,255,3
3889212-1,1,672,7
3889211-1,1,672,1
3889210-1,1,672,6
3889209-1,1,672,5
3889208-1,1,672,4
3889207-1,1,672,3
3889206-1,1,672,2
3889205-1,1,554,5
3889204-1,1,554,6
3889203-1,1,550,4
3889202-1,1,550,1
3889201-1,1,550,7
3889200-1,1,550,5
3889199-1,1,550,6
3889198-1,1,550,3
3889197-1,1,550,2
3889196-1,1,522,1
3889195-1,1,522,7
3889194-1,1,522,6
3889193-1,1,522,5
3889192-1,1,522,4
3889191-1,1,522,3
3889190-1,1,522,2
3889189-1,1,255,1
3889188-1,1,255,6
3889187-1,1,255,5
3889186-1,1,255,4
3889185-1,1,255,3
3889184-1,1,255,2
3889183-1,1,554,1
3889182-1,1,554,4
3889181-1,1,554,3
3889180-1,1,554,2
3889179-1,1,545,1
3889178-1,1,545,6
3889177-1,1,545,5
3889176-1,1,545,4
3889175-1,1,545,3
3889174-1,1,545,2
3889173-1,1,672,7
3889172-1,1,672,6
3889171-1,1,554,6
3889170-1,1,554,5
3889169-1,1,522,1
3889168-1,1,522,7
3889167-1,1,522,6
3889166-1,1,522,5
3889165-1,1,522,4
3889164-1,1,522,3
3889163-1,1,522,2
3889162-1,1,255,8
3889161-1,1,255,7
3889160-1,1,255,6
3889159-1,1,255,5
3889158-1,1,255,4
3889157-1,1,255,3
3889156-1,1,255,2
3889155-1,1,255,1
3889154-1,1,550,6
3889153-1,1,672,5
3889152-1,1,672,4
3889151-1,1,672,3
3889150-1,1,672,2
3889149-1,1,672,1
3889148-1,1,545,1
3889147-1,1,545,6
3889146-1,1,545,5
3889145-1,1,545,4
3889144-1,1,545,3
3889143-1,1,545,2
3889142-1,1,554,2
3889141-1,1,554,3
3889140-1,1,554,4
3889139-1,1,554,1
3889138-1,1,550,7
3889137-1,1,550,5
3889136-1,1,550,4
3889135-1,1,550,2
3889134-1,1,550,3
3889133-1,1,550,1
3889132-1,1,893,1
3889131-1,1,245,11
3889130-1,1,245,10
3889129-1,1,245,9
3889128-1,1,245,8
3889127-1,1,245,7
3889126-1,1,245,6
3889125-1,1,245,5
3889124-1,1,245,4
3889123-1,1,245,3
3889122-1,1,245,2
3889121-1,1,245,1
3889120-1,1,269,12
3889119-1,1,244,7
3889118-1,1,277,4
3889117-1,1,277,6
3889116-1,1,277,5
3889115-1,1,342,1
3889114-1,1,226,3
3889113-1,1,226,4
3889112-1,1,200,2
3889111-1,1,271,20
3889110-1,1,992,1
3889109-1,1,992,2
3889108-1,1,240,6
3889107-1,1,240,7
3889106-1,1,240,8
3889105-1,1,240,5
3889104-1,1,240,4
3889103-1,1,240,2
3889102-1,1,240,3
3889101-1,1,240,1
3889100-1,1,242,3
3889099-1,1,889,1
3889098-1,1,891,1
3889097-1,1,894,1
3889096-1,1,242,2
3889095-1,1,242,1
3889094-1,1,895,1
3889093-1,1,249,1
3889092-1,1,249,7
3889091-1,1,249,6
3889090-1,1,249,5
3889089-1,1,249,4
3889088-1,1,249,2
3889087-1,1,249,3
3889086-1,1,224,1
3889085-1,1,208,1
3889084-1,1,246,2
3889083-1,1,271,2
3889082-1,1,241,2
3889081-1,1,241,3
3889080-1,1,226,2
3889079-1,1,221,5
3889078-1,1,271,8
3889077-1,1,269,6
3889076-1,1,201,1
3889075-1,1,204,2
3889074-1,1,200,1
3889073-1,1,204,1
3889072-2,2,271,19
3889072-1,1,271,19
3889071-1,1,271,17
3889070-1,1,269,2
3889069-1,1,271,18
3889068-1,1,271,12
3889067-1,1,269,10
3889066-1,1,237,1
3889065-1,1,269,9
3889064-1,1,237,5
3889063-1,1,271,15
3889062-1,1,248,1
3889061-1,1,248,3
3889060-1,1,248,2
3889059-1,1,235,7
3889058-1,1,232,4
3889057-1,1,244,6
3889056-1,1,244,5
3889055-1,1,271,14
3889054-1,1,244,4
3889053-1,1,221,3
3889052-1,1,221,2
3889051-1,1,221,1
3889050-1,1,246,1
3889049-1,1,221,4
3889048-1,1,226,1
3889047-1,1,241,1
3889046-2,2,232,5
3889046-1,1,232,5
3889045-2,2,277,3
3889045-1,1,277,3
3889044-1,1,269,11
3889043-1,1,269,8
3889042-1,1,269,5
3889041-1,1,244,3
3889040-1,1,236,9
3889039-1,1,277,2
3889038-1,1,237,2
3889037-1,1,277,1
3889036-1,1,244,2
3889035-1,1,269,7
3889034-2,2,269,4
3889034-1,1,269,4
3889033-1,1,271,9
3889032-1,1,244,1
3889031-1,1,271,16
3889030-1,1,271,7
3889029-1,1,271,6
3889028-2,2,271,5
3889028-1,1,271,5
3889027-1,1,236,10
3889026-1,1,271,3
3889025-1,1,269,1
3889024-1,1,232,1
3889023-1,1,237,3
3889022-1,1,271,23
3889021-1,1,237,4
3889020-1,1,232,8
3889019-1,1,232,7
3889018-1,1,232,6
3889017-1,1,271,21
3889016-1,1,271,25
3889015-1,1,271,26
3889014-2,2,271,28
3889014-1,1,271,28
3889013-2,2,271,24
3889013-1,1,271,24
3889012-1,1,271,29
3889011-1,1,271,27
3889010-1,1,234,2
3889009-2,2,271,11
3889009-1,1,271,11
3889008-1,1,269,3
3889007-2,2,271,22
3889007-1,1,271,22
3889006-1,1,232,3
3889005-1,1,271,10
3889004-2,2,232,2
3889004-1,1,232,2
3889003-1,1,271,4
3889002-1,1,234,1
3889001-1,1,235,5
3889000-1,1,235,3
3888999-1,1,235,2
3888998-1,1,234,3
3888997-1,1,235,6
3888996-1,1,235,4
3888995-1,1,235,1
3888994-1,1,271,13
3888993-1,1,271,1
3888992-1,1,236,6
3888991-1,1,236,1
3888990-1,1,236,5
3888989-1,1,236,3
3888988-1,1,236,4
3888987-1,1,236,8
3888986-1,1,236,2
3888985-1,1,236,7
3888984-1,1,245,2
3888983-1,1,245,3
3888982-1,1,245,4
3888981-1,1,245,5
3888980-1,1,245,1
3888979-1,1,240,1
3888978-1,1,240,3
3888977-1,1,240,2
3888976-1,1,249,1
3888975-1,1,249,3
3888974-1,1,249,2
3888973-1,1,221,5
3888972-1,1,221,4
3888971-1,1,221,2
3888970-1,1,271,1
3888969-1,1,271,7
3888968-1,1,271,6
3888967-1,1,271,5
3888966-1,1,271,4
3888965-1,1,271,3
3888964-1,1,271,2
3888963-1,1,221,3
3888962-1,1,221,1
3888961-1,1,235,2
3888960-1,1,234,1
3888959-1,1,235,1
3888958-1,1,234,2
3888957-1,1,248,4
3888956-1,1,248,3
3888955-1,1,248,1
3888954-1,1,248,2
3888953-1,1,248,6
3888952-1,1,248,5
3888951-1,1,248,7
3816801-1,1,3,21
3816800-1,1,3,20
3816799-1,1,3,19
3816797-1,1,3,17
3816796-1,1,3,16
3816795-1,1,3,15
3816793-1,1,3,13
3816791-1,1,3,11
3816790-1,1,3,10
3816789-1,1,3,9
3816788-1,1,3,8
3816787-1,1,3,7
3816786-1,1,3,6
3816785-1,1,3,5
3816784-1,1,3,4
3816783-1,1,3,3
3816782-1,1,3,2
3816781-1,1,3,1
3816779-1,1,2,15
3816778-1,1,2,2
3816775-1,1,70,10
3816772-1,1,70,7
3816712-1,1,43,6
3816711-1,1,43,14
3816710-1,1,43,10
3816709-1,1,43,3
3816708-1,1,43,21
3816707-1,1,43,20
3816706-1,1,43,15
3816705-1,1,43,7
3816704-1,1,43,4
3816703-1,1,43,2
3816670-1,1,1,13
3816669-1,1,1,12
3816668-1,1,1,11
3816667-1,1,1,10
3816666-1,1,1,9
3816665-1,1,1,8
3816664-1,1,1,7
3816663-1,1,1,6
3816662-1,1,1,5
3816661-1,1,1,4
3816660-1,1,1,3
3816659-1,1,1,2
3816658-1,1,1,1
3816657-1,1,1,14
3816648-1,1,10,9
3816646-1,1,10,6
3816633-1,1,43,24
3816632-1,1,43,17
3816631-1,1,43,11
3816630-1,1,43,22
3816628-1,1,43,16
3816627-1,1,43,8
3816625-1,1,43,18
3816624-1,1,43,1
3816619-1,1,43,19
3816618-1,1,43,12
3816617-1,1,43,13
3816614-1,1,43,5
3816613-1,1,43,9
3816611-1,1,43,23
3807577-1,1,245,11
3807576-1,1,245,10
3807575-1,1,245,9
3807574-1,1,245,8
3807573-1,1,245,7
3807572-1,1,245,6
3807571-1,1,245,5
3807570-1,1,245,4
3807569-1,1,245,3
3807568-1,1,245,2
3807567-1,1,245,1
3807566-1,1,208,1
3807565-1,1,241,5
3807564-1,1,271,2
3807563-1,1,241,4
3807562-1,1,241,6
3807561-1,1,226,1
3807560-1,1,200,2
3807559-1,1,200,1
3807558-1,1,232,9
3807557-1,1,221,5
3807556-1,1,271,8
3807555-1,1,269,6
3807554-1,1,201,1
3807553-1,1,204,3
3807552-1,1,204,2
3807551-1,1,204,1
3807550-1,1,271,19
3807549-1,1,271,17
3807548-1,1,269,2
3807547-1,1,271,18
3807546-1,1,271,12
3807545-1,1,271,20
3807544-1,1,269,10
3807543-1,1,237,1
3807542-1,1,269,9
3807541-1,1,237,5
3807540-1,1,271,15
3807539-1,1,248,1
3807538-1,1,248,3
3807537-1,1,248,2
3807536-1,1,235,7
3807535-1,1,232,4
3807534-1,1,244,7
3807533-1,1,244,6
3807532-1,1,271,14
3807531-1,1,244,4
3807530-1,1,221,3
3807529-1,1,221,2
3807528-1,1,221,1
3807527-1,1,241,3
3807526-1,1,221,4
3807525-1,1,241,1
3807524-1,1,241,2
3807523-1,1,277,4
3807522-1,1,277,3
3807521-1,1,244,5
3807520-1,1,232,8
3807519-1,1,269,11
3807518-1,1,269,8
3807517-1,1,269,5
3807516-1,1,244,3
3807515-1,1,236,9
3807514-1,1,277,2
3807513-1,1,237,2
3807512-1,1,277,1
3807511-1,1,244,2
3807510-1,1,269,7
3807509-2,2,269,4
3807508-1,1,271,9
3807507-1,1,244,1
3807506-1,1,271,16
3807505-1,1,271,7
3807504-1,1,271,6
3807503-2,2,271,5
3807502-1,1,236,10
3807501-1,1,271,3
3807500-1,1,269,1
3807499-1,1,232,1
3807498-1,1,237,3
3807497-1,1,342,1
3807496-1,1,237,4
3807495-1,1,232,6
3807494-1,1,232,7
3807493-1,1,232,5
3807492-1,1,277,5
3807491-1,1,271,21
3807490-1,1,271,24
3807489-1,1,271,26
3807488-2,2,271,27
3807487-1,1,271,29
3807486-1,1,271,23
3807485-1,1,271,28
3807484-1,1,246,2
3807483-1,1,271,25
3807482-1,1,246,1
3807481-1,1,234,2
3807480-1,1,271,11
3807479-1,1,269,3
3807478-1,1,271,22
3807477-1,1,232,3
3807476-1,1,271,10
3807475-2,2,232,2
3807474-1,1,271,4
3807473-1,1,234,1
3807472-1,1,235,5
3807471-1,1,235,3
3807470-1,1,235,2
3807469-1,1,234,3
3807468-1,1,235,6
3807467-1,1,235,4
3807466-1,1,235,1
3807465-1,1,271,13
3807464-1,1,271,1
3807463-1,1,236,6
3807462-1,1,236,1
3807461-1,1,236,5
3807460-1,1,236,3
3807459-1,1,236,4
3807458-1,1,236,8
3807457-1,1,236,2
3807456-1,1,236,7
3807369-1,1,556,6
3807368-1,1,556,5
3807367-1,1,556,4
3807366-1,1,556,3
3807365-1,1,556,2
3807364-1,1,556,1
3807363-1,1,554,13
3807362-1,1,554,12
3807361-1,1,554,11
3807360-1,1,554,10
3807359-1,1,554,9
3807358-1,1,554,8
3807357-1,1,554,7
3807356-1,1,554,6
3807355-1,1,554,5
3807354-1,1,554,4
3807353-1,1,554,3
3807352-1,1,554,2
3807351-1,1,554,1
3807350-1,1,550,31
3807349-1,1,550,30
3807348-1,1,550,29
3807347-1,1,550,28
3807346-1,1,550,27
3807345-1,1,550,26
3807344-1,1,550,24
3807343-1,1,550,25
3807342-1,1,550,23
3807341-1,1,550,22
3807340-1,1,550,21
3807339-1,1,550,20
3807338-1,1,550,19
3807336-1,1,550,17
3807335-1,1,550,16
3807334-1,1,550,15
3807333-1,1,550,14
3807332-1,1,550,13
3807331-1,1,550,12
3807330-1,1,550,11
3807329-1,1,550,10
3807328-1,1,550,8
3807327-1,1,550,9
3807326-1,1,550,7
3807325-1,1,550,6
3807324-1,1,550,5
3807323-1,1,550,4
3807322-1,1,550,3
3807321-1,1,550,2
3807320-1,1,550,1
3807319-1,1,545,38
3807318-1,1,545,37
3807317-1,1,545,36
3807316-1,1,545,35
3807315-1,1,545,34
3807314-1,1,545,33
3807313-1,1,545,32
3807312-1,1,545,31
3807311-1,1,545,30
3807310-1,1,545,29
3807309-1,1,545,28
3807308-1,1,545,27
3807307-1,1,545,26
3807306-1,1,545,25
3807305-1,1,545,24
3807304-1,1,545,23
3807303-1,1,545,22
3807302-1,1,545,21
3807301-1,1,545,20
3807300-1,1,545,19
3807299-1,1,545,18
3807298-1,1,545,17
3807297-1,1,545,16
3807296-1,1,545,15
3807295-1,1,545,14
3807294-1,1,545,13
3807293-1,1,545,12
3807292-1,1,545,11
3807291-1,1,545,10
3807290-1,1,545,9
3807289-1,1,545,8
3807288-1,1,545,7
3807287-1,1,545,6
3807286-1,1,545,5
3807285-1,1,545,4
3807284-1,1,545,2
3807283-1,1,545,3
3807282-1,1,545,1
3807281-1,1,542,17
3807280-1,1,542,16
3807279-1,1,542,15
3807278-1,1,542,14
3807277-1,1,542,13
3807276-1,1,542,12
3807275-1,1,542,11
3807274-1,1,542,10
3807273-1,1,542,9
3807272-1,1,542,8
3807271-1,1,542,7
3807270-1,1,542,6
3807269-1,1,542,5
3807268-1,1,542,4
3807267-1,1,542,3
3807266-1,1,542,2
3807265-1,1,542,1
3807264-1,1,540,7
3807263-1,1,540,6
3807262-1,1,540,5
3807261-1,1,540,4
3807260-1,1,540,3
3807259-1,1,540,2
3807258-1,1,540,1
3807257-1,1,522,17
3807256-1,1,522,16
3807255-1,1,522,15
3807254-1,1,522,14
3807253-1,1,522,13
3807252-1,1,522,12
3807251-1,1,522,11
3807250-1,1,522,10
3807249-1,1,522,9
3807248-1,1,522,8
3807247-1,1,522,7
3807246-1,1,522,6
3807245-1,1,522,5
3807244-1,1,522,4
3807243-1,1,522,3
3807242-1,1,522,2
3807241-1,1,522,1
3807240-1,1,242,7
3807239-1,1,212,16
3807238-1,1,212,13
3807237-1,1,212,12
3807236-1,1,212,5
3807235-1,1,255,28
3807234-2,2,895,2
3807234-1,1,895,2
3807233-1,1,895,1
3807232-1,1,214,15
3807231-1,1,218,8
3807230-1,1,252,3
3807229-1,1,255,19
3807228-1,1,212,6
3807227-1,1,255,16
3807226-1,1,255,18
3807225-1,1,311,13
3807224-1,1,311,15
3807223-1,1,212,11
3807222-1,1,255,22
3807221-1,1,255,26
3807220-1,1,255,24
3807219-1,1,216,3
3807218-1,1,218,9
3807217-1,1,214,13
3807216-1,1,255,4
3807215-1,1,255,20
3807214-1,1,311,10
3807213-1,1,219,8
3807212-1,1,212,14
3807211-1,1,219,7
3807210-1,1,257,3
3807209-1,1,252,4
3807208-1,1,214,5
3807207-1,1,252,7
3807206-1,1,219,5
3807205-1,1,268,1
3807204-1,1,212,4
3807203-1,1,246,10
3807202-1,1,252,2
3807201-1,1,214,11
3807200-1,1,257,2
3807199-1,1,218,6
3807198-1,1,214,14
3807197-1,1,219,4
3807196-1,1,219,1
3807195-1,1,214,10
3807194-1,1,216,1
3807193-1,1,212,15
3807192-1,1,219,3
3807191-1,1,891,2
3807190-1,1,214,2
3807189-1,1,894,2
3807188-1,1,214,3
3807187-1,1,252,6
3807186-2,2,823,2
3807186-1,1,823,2
3807185-1,1,242,2
3807184-2,2,888,2
3807184-1,1,888,2
3807183-1,1,214,9
3807182-1,1,242,1
3807181-1,1,214,4
3807180-1,1,214,6
3807179-1,1,212,10
3807178-1,1,311,4
3807177-1,1,214,8
3807176-1,1,311,6
3807175-1,1,212,9
3807174-1,1,212,2
3807173-1,1,257,1
3807172-1,1,268,3
3807171-1,1,257,4
3807170-1,1,311,1
3807169-1,1,216,8
3807168-1,1,214,12
3807167-1,1,212,7
3807166-1,1,212,8
3807165-1,1,218,3
3807164-2,2,889,2
3807164-1,1,889,2
3807163-1,1,252,5
3807162-1,1,255,13
3807161-1,1,218,7
3807160-1,1,216,6
3807159-1,1,989,2
3807158-1,1,311,2
3807157-2,2,892,2
3807157-1,1,892,2
3807156-1,1,311,5
3807155-1,1,216,7
3807154-2,2,824,2
3807154-1,1,824,2
3807153-1,1,255,6
3807152-1,1,216,5
3807151-1,1,212,3
3807150-1,1,982,1
3807149-1,1,218,5
3807148-1,1,311,9
3807147-1,1,242,3
3807146-1,1,218,2
3807145-1,1,893,2
3807144-1,1,255,15
3807143-1,1,219,2
3807142-1,1,219,6
3807141-1,1,311,7
3807140-1,1,311,8
3807139-1,1,216,2
3807138-1,1,268,2
3807137-1,1,242,4
3807136-1,1,986,2
3807135-1,1,311,11
3807134-1,1,216,4
3807133-1,1,214,7
3807132-1,1,887,2
3807131-1,1,311,3
3807130-1,1,982,2
3807129-1,1,218,4
3807128-1,1,242,5
3807127-1,1,311,12
3807126-1,1,311,14
3807125-1,1,242,6
3807124-1,1,894,1
3807123-1,1,212,1
3807122-1,1,989,1
3807121-1,1,888,1
3807120-1,1,887,1
3807119-1,1,824,1
3807118-1,1,892,1
3807117-1,1,891,1
3807116-1,1,986,1
3807115-1,1,893,1
3807114-1,1,823,1
3807113-1,1,889,1
3807112-1,1,255,25
3807111-1,1,249,1
3807110-1,1,249,7
3807109-1,1,249,5
3807108-1,1,249,4
3807107-1,1,249,2
3807106-1,1,249,6
3807105-1,1,249,3
3807104-1,1,672,12
3807103-1,1,672,14
3807102-1,1,672,16
3807101-1,1,218,1
3807100-1,1,214,1
3807099-1,1,255,27
3807098-1,1,672,1
3807097-1,1,255,9
3807096-1,1,224,1
3807095-1,1,672,2
3807094-1,1,672,3
3807093-1,1,672,5
3807092-1,1,255,10
3807091-1,1,255,12
3807090-1,1,255,5
3807089-1,1,672,7
3807088-1,1,672,9
3807087-1,1,672,10
3807086-1,1,672,13
3807085-1,1,672,11
3807084-1,1,672,15
3807083-1,1,672,8
3807082-1,1,672,4
3807081-1,1,255,7
3807080-1,1,255,17
3807079-1,1,255,2
3807078-1,1,255,1
3807077-1,1,255,11
3807076-1,1,252,1
3807075-1,1,255,21
3807074-1,1,672,6
3807073-1,1,255,23
3807072-1,1,255,14
3807071-1,1,255,8
3807070-1,1,255,3
3804900-1,1,355,10
3804899-1,1,18,15
3804898-1,1,55,6
3804897-1,1,48,18
3804896-1,1,40,8
3804895-1,1,48,14
3804894-1,1,673,37
3804893-1,1,197,10
3804892-1,1,18,20
3804891-1,1,56,6
3804890-1,1,5,18
3804889-1,1,18,4
3804888-1,1,40,20
3804887-1,1,40,12
3804886-1,1,40,23
3804885-1,1,40,22
3804884-1,1,40,21
3804883-1,1,40,19
3804882-1,1,40,18
3804881-1,1,673,40
3804880-1,1,301,20
3804879-1,1,55,5
3804878-1,1,48,19
3804877-1,1,48,17
3804876-1,1,48,31
3804875-1,1,48,30
3804874-1,1,48,29
3804873-1,1,48,28
3804872-1,1,48,27
3804871-1,1,48,26
3804870-1,1,48,25
3804869-1,1,48,24
3804868-1,1,48,23
3804867-1,1,48,22
3804866-1,1,48,20
3804865-1,1,48,21
3804864-1,1,48,16
3804863-1,1,48,15
3804862-1,1,48,12
3804861-1,1,48,11
3804860-1,1,48,10
3804859-1,1,48,9
3804858-1,1,48,8
3804857-1,1,48,6
3804856-1,1,48,5
3804855-1,1,48,4
3804854-1,1,48,13
3804853-1,1,48,3
3804852-1,1,48,2
3804851-1,1,48,1
3804850-1,1,197,8
3804849-1,1,988,1
3804848-1,1,675,25
3804847-1,1,675,24
3804846-1,1,5,26
3804845-1,1,675,38
3804844-1,1,675,37
3804843-1,1,675,36
3804842-1,1,675,35
3804841-1,1,675,34
3804840-1,1,675,33
3804839-1,1,675,32
3804838-1,1,675,31
3804837-1,1,675,30
3804836-1,1,675,29
3804835-1,1,675,27
3804834-1,1,675,26
3804833-1,1,675,23
3804832-1,1,675,22
3804831-1,1,675,21
3804830-1,1,675,20
3804829-1,1,675,19
3804828-1,1,675,18
3804827-1,1,675,17
3804826-1,1,675,16
3804825-1,1,675,15
3804824-1,1,675,14
3804823-1,1,675,13
3804822-1,1,675,12
3804821-1,1,675,11
3804820-1,1,675,10
3804819-1,1,675,9
3804818-1,1,675,8
3804817-1,1,675,7
3804816-1,1,675,6
3804815-1,1,675,5
3804814-1,1,675,4
3804813-1,1,675,3
3804812-1,1,675,2
3804811-1,1,675,1
3804810-1,1,673,24
3804809-1,1,673,43
3804808-1,1,673,42
3804807-1,1,673,41
3804806-1,1,673,44
3804805-1,1,673,39
3804804-1,1,673,38
3804803-1,1,673,36
3804802-1,1,673,34
3804801-1,1,673,35
3804800-1,1,673,32
3804799-1,1,673,33
3804798-1,1,673,31
3804797-1,1,673,30
3804796-1,1,673,23
3804795-1,1,673,21
3804794-1,1,673,22
3804793-1,1,673,20
3804792-1,1,673,19
3804791-1,1,673,18
3804790-1,1,673,17
3804789-1,1,673,16
3804788-1,1,673,15
3804787-1,1,673,14
3804786-1,1,673,13
3804785-1,1,673,12
3804784-1,1,673,11
3804783-1,1,673,10
3804782-1,1,673,9
3804781-1,1,673,8
3804780-1,1,673,7
3804779-1,1,673,6
3804778-1,1,673,5
3804777-1,1,673,4
3804776-1,1,673,3
3804775-1,1,673,2
3804774-1,1,673,1
3804773-1,1,197,3
3804772-1,1,197,5
3804771-1,1,197,9
3804770-1,1,5,24
3804769-1,1,22,1
3804768-1,1,22,2
3804767-1,1,15,5
3804766-1,1,15,1
3804765-1,1,57,3
3804764-1,1,5,3
3804763-1,1,355,13
3804762-1,1,56,4
3804761-1,1,355,14
3804760-1,1,301,15
3804759-1,1,17,5
3804758-1,1,17,7
3804757-1,1,301,18
3804756-1,1,355,6
3804755-1,1,303,12
3804754-2,2,981,1
3804753-1,1,301,3
3804752-1,1,301,16
3804751-1,1,301,1
3804750-1,1,5,25
3804749-1,1,301,17
3804748-1,1,301,9
3804747-1,1,17,2
3804746-1,1,303,14
3804745-1,1,55,2
3804744-1,1,197,13
3804743-1,1,57,5
3804742-1,1,355,3
3804741-1,1,301,19
3804740-1,1,21,4
3804739-1,1,303,15
3804738-1,1,301,2
3804737-1,1,21,9
3804736-1,1,17,9
3804735-1,1,303,6
3804734-1,1,355,9
3804733-2,2,984,1
3804732-1,1,303,8
3804731-1,1,55,3
3804730-1,1,18,2
3804729-1,1,355,4
3804728-1,1,303,11
3804727-1,1,301,10
3804726-1,1,21,6
3804725-1,1,21,3
3804724-1,1,995,2
3804723-1,1,197,1
3804722-1,1,301,8
3804721-1,1,197,12
3804720-1,1,197,7
3804719-1,1,301,12
3804718-1,1,303,7
3804717-1,1,303,13
3804716-1,1,303,3
3804715-2,2,197,11
3804714-1,1,57,1
3804713-1,1,5,9
3804712-1,1,994,2
3804711-1,1,56,7
3804710-1,1,18,3
3804709-1,1,303,1
3804708-1,1,55,1
3804707-1,1,56,8
3804706-1,1,303,5
3804705-1,1,980,1
3804704-1,1,995,1
3804703-1,1,56,5
3804702-1,1,21,8
3804701-1,1,5,12
3804700-1,1,18,13
3804699-1,1,48,7
3804698-1,1,17,3
3804697-1,1,355,5
3804696-1,1,987,1
3804695-1,1,994,1
3804694-1,1,303,9
3804693-1,1,301,5
3804692-1,1,21,5
3804691-1,1,17,6
3804690-1,1,301,13
3804689-1,1,18,12
3804688-1,1,57,2
3804687-1,1,15,4
3804686-1,1,988,2
3804685-1,1,355,12
3804684-1,1,303,10
3804683-1,1,15,2
3804682-1,1,301,4
3804681-1,1,355,11
3804680-1,1,44,3
3804679-1,1,57,4
3804678-1,1,21,2
3804677-1,1,18,1
3804676-1,1,17,1
3804675-1,1,44,2
3804674-1,1,5,22
3804673-1,1,56,2
3804672-1,1,18,10
3804671-1,1,355,1
3804670-1,1,987,2
3804669-1,1,56,1
3804668-1,1,21,7
3804667-1,1,44,1
3804666-1,1,197,2
3804665-1,1,17,8
3804664-1,1,18,14
3804663-1,1,55,4
3804662-1,1,301,14
3804661-1,1,303,2
3804660-1,1,15,3
3804659-1,1,355,2
3804658-1,1,301,11
3804657-1,1,197,6
3804656-1,1,56,3
3804655-1,1,21,1
3804654-1,1,303,4
3804653-1,1,301,6
3804652-1,1,301,7
3804651-1,1,21,10
3804650-1,1,303,16
3804649-1,1,355,8
3804648-1,1,18,11
3804647-1,1,40,3
3804646-1,1,40,17
3804645-1,1,5,20
3804644-1,1,40,5
3804643-1,1,5,21
3804642-1,1,5,19
3804641-1,1,5,11
3804640-1,1,5,15
3804639-1,1,5,13
3804638-1,1,5,5
3804637-1,1,5,14
3804636-1,1,5,10
3804635-1,1,5,2
3804634-1,1,5,7
3804633-1,1,5,8
3804632-1,1,5,4
3804631-1,1,5,1
3804630-1,1,5,6
3804629-1,1,5,17
3804628-1,1,40,16
3804627-1,1,40,14
3804626-1,1,40,11
3804625-1,1,40,10
3804624-1,1,40,13
3804623-1,1,40,9
3804622-1,1,40,6
3804621-1,1,40,7
3804620-1,1,40,4
3804619-1,1,40,2
3804618-1,1,40,1
3800555-1,1,312,14
3800554-1,1,31,9
3800553-1,1,32,9
3800552-1,1,346,5
3800551-1,1,346,4
3800550-1,1,346,3
3800549-1,1,346,2
3800548-1,1,346,1
3800547-1,1,331,11
3800546-1,1,331,9
3800545-1,1,346,6
3800544-1,1,331,8
3800543-1,1,331,7
3800542-1,1,331,6
3800541-1,1,331,5
3800540-1,1,331,4
3800539-1,1,331,3
3800538-1,1,331,2
3800537-1,1,331,1
3800536-1,1,316,9
3800535-1,1,316,8
3800534-1,1,316,7
3800533-1,1,316,6
3800532-1,1,316,5
3800531-1,1,316,4
3800530-1,1,316,3
3800529-1,1,316,2
3800528-1,1,316,1
3800527-1,1,77,8
3800526-1,1,77,6
3800525-1,1,77,7
3800524-1,1,77,5
3800523-1,1,41,25
3800522-1,1,77,4
3800521-1,1,77,3
3800520-1,1,77,2
3800519-1,1,77,1
3800518-1,1,71,14
3800517-1,1,76,6
3800516-1,1,76,5
3800515-1,1,76,4
3800514-1,1,76,3
3800513-1,1,76,2
3800512-1,1,76,1
3800511-1,1,74,6
3800510-1,1,74,5
3800509-1,1,74,4
3800508-1,1,74,3
3800507-1,1,74,2
3800506-1,1,74,1
3800505-1,1,41,24
3800504-1,1,71,31
3800503-1,1,71,30
3800502-1,1,71,29
3800501-1,1,71,25
3800500-1,1,71,24
3800499-1,1,71,23
3800498-1,1,71,22
3800497-1,1,71,17
3800496-1,1,71,16
3800495-1,1,71,15
3800494-1,1,71,12
3800493-1,1,71,9
3800492-1,1,71,7
3800491-1,1,41,2
3800490-1,1,71,33
3800489-1,1,71,6
3800488-1,1,71,5
3800487-1,1,71,4
3800486-1,1,71,3
3800485-1,1,71,1
3800484-1,1,71,32
3800483-1,1,71,19
3800482-1,1,71,18
3800481-1,1,71,13
3800480-1,1,71,8
3800479-1,1,71,2
3800478-1,1,41,29
3800477-1,1,41,28
3800476-1,1,41,27
3800475-1,1,71,34
3800474-1,1,41,30
3800473-1,1,41,26
3800472-1,1,41,23
3800471-1,1,41,21
3800470-1,1,41,20
3800469-1,1,71,28
3800468-1,1,71,27
3800467-1,1,41,19
3800466-1,1,71,26
3800465-1,1,41,18
3800464-1,1,41,17
3800463-1,1,41,16
3800462-1,1,41,15
3800461-1,1,41,14
3800460-1,1,41,13
3800459-1,1,41,12
3800458-1,1,41,11
3800457-1,1,41,10
3800456-1,1,41,9
3800455-1,1,41,8
3800454-1,1,71,11
3800453-1,1,41,6
3800452-1,1,71,10
3800451-1,1,41,5
3800450-1,1,41,4
3800449-1,1,41,3
3800448-1,1,41,1
3800447-2,2,373,10
3800446-1,1,373,12
3800445-1,1,71,44
3800444-1,1,74,7
3800443-1,1,312,6
3800442-1,1,66,17
3800441-1,1,312,16
3800440-1,1,312,22
3800439-1,1,312,9
3800438-1,1,75,2
3800437-1,1,30,5
3800436-1,1,30,4
3800435-1,1,30,6
3800434-1,1,373,9
3800433-1,1,373,8
3800432-1,1,373,6
3800431-1,1,372,18
3800430-1,1,372,15
3800429-1,1,372,12
3800428-1,1,372,9
3800427-1,1,71,20
3800426-1,1,331,10
3800425-1,1,65,11
3800424-1,1,68,5
3800423-1,1,65,7
3800422-1,1,68,4
3800421-1,1,68,3
3800420-1,1,68,2
3800419-1,1,65,5
3800418-1,1,31,7
3800417-1,1,312,18
3800416-1,1,66,15
3800415-1,1,66,6
3800414-1,1,32,12
3800413-1,1,372,5
3800412-1,1,372,13
3800411-1,1,31,3
3800410-1,1,66,7
3800409-1,1,66,10
3800408-1,1,372,8
3800407-1,1,372,6
3800406-1,1,31,2
3800405-1,1,32,1
3800404-1,1,373,11
3800403-1,1,66,1
3800402-1,1,342,14
3800401-1,1,373,5
3800400-1,1,65,9
3800399-1,1,65,10
3800398-1,1,66,2
3800397-1,1,309,2
3800396-1,1,312,2
3800395-1,1,66,14
3800394-1,1,30,1
3800393-1,1,373,7
3800392-1,1,32,11
3800391-1,1,372,1
3800390-1,1,304,1
3800389-1,1,661,1
3800388-2,2,65,1
3800387-1,1,312,13
3800386-1,1,373,2
3800385-1,1,312,1
3800384-1,1,31,8
3800383-1,1,66,3
3800382-1,1,31,10
3800381-1,1,66,11
3800380-1,1,372,14
3800379-1,1,32,6
3800378-2,2,31,6
3800377-1,1,32,7
3800376-1,1,661,4
3800375-1,1,32,5
3800374-1,1,661,3
3800373-1,1,661,11
3800372-2,2,373,3
3800371-2,2,68,1
3800370-1,1,342,11
3800369-1,1,32,3
3800368-1,1,372,16
3800367-1,1,32,13
3800366-1,1,75,1
3800365-1,1,65,4
3800364-1,1,65,6
3800363-1,1,65,2
3800362-1,1,661,13
3800361-1,1,661,12
3800360-1,1,31,1
3800359-1,1,65,8
3800358-1,1,372,3
3800357-1,1,32,10
3800356-1,1,342,13
3800355-1,1,304,3
3800354-1,1,31,11
3800353-1,1,373,4
3800352-1,1,31,4
3800351-1,1,31,5
3800350-1,1,342,12
3800349-1,1,312,12
3800348-1,1,372,10
3800347-1,1,71,21
3800346-1,1,372,2
3800345-1,1,66,13
3800344-1,1,65,3
3800343-1,1,372,4
3800342-1,1,66,4
3800341-1,1,372,11
3800340-1,1,41,7
3800339-1,1,41,22
3800338-1,1,66,16
3800337-1,1,312,10
3800336-1,1,309,5
3800335-1,1,312,19
3800334-1,1,312,7
3800333-1,1,309,7
3800332-1,1,309,3
3800331-1,1,304,2
3800330-1,1,312,3
3800329-1,1,309,4
3800328-1,1,312,11
3800327-1,1,309,1
3800326-1,1,309,6
3800325-1,1,312,8
3800324-1,1,308,3
3800323-1,1,312,21
3800322-1,1,312,17
3800321-1,1,373,1
3800320-1,1,312,15
3800319-1,1,312,20
3800318-1,1,308,2
3800317-1,1,304,4
3800316-1,1,312,23
3800315-1,1,304,5
3800314-1,1,308,1
3800313-1,1,312,5
3800312-1,1,66,8
3800311-1,1,66,12
3800310-1,1,312,4
3800309-1,1,30,3
3800308-1,1,32,8
3800307-1,1,32,4
3800306-1,1,30,2
3800305-2,2,346,7
3800305-1,1,346,7
3800304-1,1,32,2
3800303-1,1,66,5
3800302-1,1,66,9
3800301-1,1,330,1
3797991-1,1,33,8
3797990-1,1,16,11
3797989-1,1,16,10
3797988-1,1,16,9
3797987-1,1,16,8
3797986-1,1,16,7
3797985-1,1,16,6
3797984-1,1,16,5
3797983-1,1,16,4
3797982-1,1,16,3
3797981-1,1,16,2
3797980-1,1,16,1
3797979-1,1,33,1
3797978-1,1,33,10
3797977-1,1,33,5
3797976-1,1,33,3
3797975-1,1,33,12
3797974-1,1,33,4
3797973-1,1,33,9
3797972-1,1,24,7
3797971-1,1,33,11
3797970-1,1,33,13
3797969-1,1,33,7
3797968-1,1,33,2
3797967-1,1,33,6
3797966-1,1,29,6
3797965-1,1,29,5
3797964-1,1,29,12
3797963-1,1,29,8
3797962-1,1,29,4
3797961-1,1,29,10
3797960-1,1,29,3
3797959-1,1,29,13
3797958-1,1,29,7
3797957-1,1,29,2
3797956-1,1,29,9
3797955-1,1,29,11
3797954-1,1,29,1
3797953-1,1,24,12
3797952-1,1,99,3
3797951-1,1,9,10
3797950-1,1,60,11
3797949-1,1,60,10
3797948-1,1,60,8
3797947-1,1,60,9
3797946-1,1,60,7
3797945-1,1,60,6
3797944-2,2,60,12
3797944-1,1,60,12
3797943-1,1,60,5
3797942-1,1,60,4
3797941-1,1,60,3
3797940-1,1,60,2
3797939-1,1,60,1
3797938-1,1,125,5
3797937-1,1,99,2
3797936-1,1,99,1
3797935-1,1,99,5
3797934-1,1,99,4
3797933-1,1,8,16
3797932-1,1,8,9
3797931-1,1,8,12
3797930-1,1,8,10
3797929-1,1,8,18
3797928-1,1,8,17
3797927-1,1,16,15
3797926-1,1,11,1
3797925-1,1,11,8
3797924-1,1,11,7
3797923-1,1,11,6
3797922-1,1,11,5
3797921-1,1,11,4
3797920-1,1,11,3
3797919-1,1,11,2
3797918-1,1,26,13
3797917-1,1,28,34
3797916-1,1,64,7
3797915-1,1,64,1
3797914-1,1,64,2
3797913-1,1,64,3
3797912-1,1,64,4
3797911-1,1,64,5
3797910-1,1,64,6
3797909-1,1,64,8
3797908-1,1,64,9
3797907-1,1,64,10
3797906-1,1,64,11
3797905-1,1,64,12
3797904-1,1,64,13
3797903-1,1,64,14
3797902-1,1,26,15
3797901-1,1,121,8
3797900-1,1,121,7
3797899-1,1,16,14
3797898-1,1,16,12
3797897-1,1,9,11
3797896-1,1,9,12
3797895-1,1,121,6
3797894-1,1,122,3
3797893-1,1,122,4
3797892-1,1,26,11
3797891-1,1,16,16
3797890-1,1,9,13
3797889-1,1,28,21
3797888-1,1,28,28
3797887-1,1,26,14
3797886-1,1,28,8
3797885-1,1,28,27
3797884-1,1,26,6
3797883-1,1,28,17
3797882-1,1,28,10
3797881-1,1,26,19
3797880-1,1,26,3
3797879-1,1,28,24
3797878-1,1,28,5
3797877-1,1,26,5
3797876-1,1,28,33
3797875-1,1,28,23
3797874-1,1,26,8
3797873-1,1,28,16
3797872-1,1,28,32
3797871-1,1,28,1
3797870-1,1,26,10
3797869-1,1,26,20
3797868-1,1,28,3
3797867-1,1,28,30
3797866-1,1,28,7
3797865-1,1,28,11
3797864-1,1,28,26
3797863-1,1,28,29
3797862-1,1,28,31
3797861-1,1,28,12
3797860-1,1,28,6
3797859-1,1,26,12
3797858-1,1,26,2
3797857-1,1,26,9
3797856-1,1,26,23
3797855-1,1,28,14
3797854-1,1,28,22
3797853-1,1,26,22
3797852-1,1,28,15
3797851-1,1,28,4
3797850-1,1,28,13
3797849-1,1,28,18
3797848-1,1,26,1
3797847-1,1,28,2
3797846-1,1,28,35
3797845-1,1,26,16
3797844-1,1,26,7
3797843-1,1,26,18
3797842-1,1,28,25
3797841-1,1,28,9
3797840-1,1,26,4
3797839-1,1,26,17
3797838-1,1,26,21
3797837-1,1,113,3
3797836-1,1,123,5
3797835-1,1,121,10
3797834-1,1,122,2
3797833-1,1,123,3
3797832-1,1,121,9
3797831-1,1,121,13
3797830-1,1,122,10
3797829-1,1,122,1
3797828-1,1,123,4
3797827-1,1,121,5
3797826-1,1,121,12
3797825-1,1,121,4
3797824-1,1,121,3
3797823-1,1,121,14
3797822-1,1,121,11
3797821-1,1,123,1
3797820-1,1,122,11
3797819-1,1,121,2
3797818-1,1,123,6
3797817-1,1,121,1
3797816-1,1,123,7
3797815-1,1,122,12
3797814-1,1,121,15
3797813-1,1,24,19
3797812-1,1,24,18
3797811-1,1,24,17
3797810-1,1,24,16
3797809-1,1,24,15
3797808-1,1,24,14
3797807-1,1,24,13
3797806-1,1,24,10
3797805-1,1,24,9
3797804-1,1,24,6
3797803-1,1,24,5
3797802-1,1,24,4
3797801-1,1,24,2
3797800-1,1,24,1
3797799-1,1,24,11
3797798-1,1,24,8
3797797-1,1,24,3
3797796-1,1,9,3
3797795-1,1,25,2
3797794-1,1,37,5
3797793-1,1,37,4
3797792-1,1,37,8
3797791-1,1,125,6
3797790-1,1,9,14
3797789-1,1,125,4
3797788-1,1,125,3
3797787-1,1,125,2
3797786-1,1,125,1
3797785-1,1,113,5
3797784-1,1,9,9
3797783-1,1,37,7
3797782-1,1,37,6
3797781-1,1,37,3
3797780-1,1,37,1
3797779-1,1,37,2
3797778-1,1,25,1
3797777-1,1,16,13
3797776-1,1,9,5
3797775-1,1,8,14
3797774-1,1,8,15
3797773-1,1,8,13
3797772-1,1,8,11
3797771-1,1,8,8
3797770-1,1,8,7
3797769-1,1,8,6
3797768-1,1,8,5
3797767-1,1,8,4
3797766-1,1,8,3
3797765-1,1,8,2
3797764-1,1,8,1
3797763-1,1,113,1
3797762-1,1,113,4
3797761-1,1,113,2
3797760-1,1,113,6
3797759-1,1,9,2
3797758-1,1,167,6
3797757-1,1,167,8
3797756-1,1,167,7
3797755-1,1,9,8
3797754-1,1,9,4
3797753-1,1,9,1
3797752-1,1,9,6
3797751-1,1,167,5
3797750-1,1,9,7
3788925-1,1,106,18
3788924-1,1,116,1
3788923-1,1,116,2
3788922-1,1,116,3
3788921-1,1,116,4
3788920-1,1,116,5
3788919-1,1,116,6
3788918-1,1,116,7
3788917-1,1,116,8
3788916-1,1,116,9
3788915-1,1,118,1
3788914-1,1,118,2
3788913-1,1,118,3
3788912-1,1,118,4
3788911-1,1,118,5
3788910-1,1,118,6
3788909-1,1,118,7
3788908-1,1,119,21
3788907-1,1,119,22
3788906-1,1,119,31
3788905-1,1,119,32
3788904-1,1,150,27
3788903-1,1,676,14
3788902-1,1,150,16
3788901-1,1,143,8
3788900-1,1,114,5
3788899-1,1,178,5
3788898-1,1,676,1
3788897-1,1,676,2
3788896-1,1,676,3
3788895-1,1,676,4
3788894-1,1,676,5
3788893-1,1,676,6
3788892-1,1,676,7
3788891-1,1,676,8
3788890-1,1,676,9
3788889-1,1,676,10
3788888-1,1,676,11
3788887-1,1,676,12
3788886-1,1,676,13
3788885-1,1,676,15
3788884-1,1,676,16
3788883-1,1,676,17
3788882-1,1,676,18
3788881-1,1,128,8
3788880-1,1,101,5
3788879-1,1,150,14
3788878-1,1,102,4
3788877-1,1,183,9
3788876-1,1,150,28
3788875-1,1,183,5
3788874-1,1,101,6
3788873-1,1,166,11
3788872-1,1,150,29
3788871-1,1,150,19
3788870-1,1,150,24
3788869-1,1,106,17
3788868-1,1,181,5
3788867-1,1,181,4
3788866-1,1,181,3
3788865-1,1,181,2
3788864-1,1,181,1
3788863-1,1,182,6
3788862-1,1,186,3
3788861-1,1,183,10
3788860-1,1,156,4
3788859-1,1,156,1
3788858-1,1,156,2
3788857-1,1,156,3
3788856-1,1,179,9
3788855-1,1,159,9
3788854-1,1,157,6
3788853-1,1,179,8
3788852-1,1,179,7
3788851-1,1,157,5
3788850-1,1,158,5
3788849-1,1,179,5
3788848-1,1,158,6
3788847-1,1,179,6
3788846-1,1,159,6
3788845-1,1,150,17
3788844-1,1,106,13
3788843-1,1,128,7
3788842-1,1,111,11
3788841-1,1,107,9
3788840-1,1,107,10
3788839-1,1,128,9
3788838-1,1,128,4
3788837-1,1,128,6
3788836-1,1,128,5
3788835-1,1,128,3
3788834-1,1,128,2
3788833-1,1,128,1
3788832-1,1,50,9
3788831-1,1,50,7
3788830-1,1,50,8
3788829-1,1,50,6
3788828-1,1,50,4
3788827-1,1,50,5
3788826-1,1,50,3
3788825-1,1,50,10
3788824-1,1,50,2
3788823-1,1,50,1
3788822-1,1,166,9
3788821-1,1,166,10
3788820-1,1,166,7
3788819-1,1,106,12
3788818-1,1,186,5
3788817-1,1,158,10
3788816-1,1,192,4
3788815-1,1,183,6
3788814-1,1,106,11
3788813-1,1,192,5
3788812-1,1,159,8
3788811-1,1,158,8
3788810-1,1,158,7
3788809-1,1,158,9
3788808-1,1,178,7
3788807-1,1,178,9
3788806-1,1,178,10
3788805-1,1,178,1
3788804-1,1,178,3
3788803-1,1,150,10
3788802-1,1,178,2
3788801-1,1,180,1
3788800-1,1,180,2
3788799-1,1,180,3
3788798-1,1,180,4
3788797-1,1,180,6
3788796-1,1,180,5
3788795-1,1,180,7
3788794-1,1,180,8
3788793-1,1,180,9
3788792-1,1,180,13
3788791-1,1,180,10
3788790-1,1,180,11
3788789-1,1,180,12
3788788-1,1,240,9
3788787-1,1,240,6
3788786-1,1,240,8
3788785-1,1,240,5
3788784-1,1,240,7
3788783-1,1,240,4
3788782-1,1,240,3
3788781-1,1,240,2
3788780-1,1,240,1
3788779-1,1,193,1
3788778-1,1,193,2
3788777-1,1,193,3
3788776-1,1,193,4
3788775-1,1,193,5
3788774-1,1,193,6
3788773-1,1,193,7
3788772-1,1,193,8
3788771-1,1,193,9
3788770-1,1,671,17
3788769-1,1,671,1
3788768-1,1,671,2
3788767-1,1,671,3
3788766-1,1,671,4
3788765-1,1,671,5
3788764-1,1,671,6
3788763-1,1,671,7
3788762-1,1,671,8
3788761-1,1,671,9
3788760-1,1,671,10
3788759-1,1,671,11
3788758-1,1,671,12
3788757-1,1,671,13
3788756-1,1,671,14
3788755-1,1,671,15
3788754-1,1,671,16
3788753-1,1,182,3
3788752-1,1,183,8
3788751-1,1,150,25
3788750-1,1,101,11
3788749-1,1,168,4
3788748-1,1,164,3
3788747-1,1,164,1
3788746-1,1,168,3
3788745-1,1,164,2
3788744-1,1,168,2
3788743-1,1,168,1
3788742-1,1,166,5
3788741-1,1,150,8
3788740-1,1,166,3
3788739-1,1,106,7
3788738-1,1,150,12
3788737-1,1,166,8
3788736-1,1,102,2
3788735-1,1,166,6
3788734-1,1,101,9
3788733-1,1,182,5
3788732-1,1,192,2
3788731-1,1,192,1
3788730-1,1,154,4
3788729-1,1,166,1
3788728-1,1,166,4
3788727-1,1,166,2
3788726-1,1,150,15
3788725-1,1,154,3
3788724-1,1,150,7
3788723-1,1,952,5
3788722-1,1,952,4
3788721-1,1,111,8
3788720-1,1,111,7
3788719-1,1,952,1
3788718-1,1,190,5
3788717-1,1,158,1
3788716-1,1,101,12
3788715-1,1,190,4
3788714-1,1,143,4
3788713-1,1,952,2
3788712-1,1,150,5
3788711-1,1,178,8
3788710-1,1,143,1
3788709-1,1,190,3
3788708-1,1,157,4
3788707-1,1,157,2
3788706-1,1,143,9
3788705-1,1,111,4
3788704-1,1,192,3
3788703-1,1,182,4
3788702-1,1,183,4
3788701-1,1,150,13
3788700-1,1,186,1
3788699-1,1,150,2
3788698-1,1,178,6
3788697-1,1,111,2
3788696-1,1,106,5
3788695-1,1,101,10
3788694-1,1,106,2
3788693-1,1,143,5
3788692-1,1,190,2
3788691-1,1,150,9
3788690-1,1,158,4
3788689-1,1,114,1
3788688-1,1,952,7
3788687-1,1,114,3
3788686-1,1,952,3
3788685-1,1,158,3
3788684-1,1,159,7
3788683-1,1,159,3
3788682-1,1,106,1
3788681-1,1,190,7
3788680-1,1,159,1
3788679-1,1,114,4
3788678-1,1,158,2
3788677-1,1,143,6
3788676-1,1,111,1
3788675-1,1,107,8
3788674-1,1,183,3
3788673-1,1,952,6
3788672-1,1,157,3
3788671-1,1,186,2
3788670-1,1,952,8
3788669-1,1,107,6
3788668-1,1,154,1
3788667-1,1,106,10
3788666-1,1,157,1
3788665-1,1,111,9
3788664-1,1,114,2
3788663-1,1,190,1
3788662-1,1,154,2
3788661-1,1,179,1
3788660-1,1,107,3
3788659-1,1,183,7
3788658-1,1,182,1
3788657-1,1,111,12
3788656-1,1,159,5
3788655-1,1,114,6
3788654-1,1,106,3
3788653-1,1,111,10
3788652-1,1,159,4
3788651-1,1,143,2
3788650-1,1,106,16
3788649-1,1,101,1
3788648-1,1,102,5
3788647-1,1,106,4
3788646-1,1,101,7
3788645-1,1,111,13
3788644-1,1,111,5
3788643-1,1,186,4
3788642-1,1,178,4
3788641-1,1,183,1
3788640-1,1,101,8
3788639-1,1,105,2
3788638-1,1,159,2
3788637-1,1,107,2
3788636-1,1,106,8
3788635-1,1,107,4
3788634-1,1,179,3
3788633-1,1,101,2
3788632-1,1,106,9
3788631-1,1,102,1
3788630-1,1,150,21
3788629-1,1,150,20
3788628-1,1,179,2
3788627-1,1,143,3
3788626-1,1,150,18
3788625-1,1,106,6
3788624-1,1,106,15
3788623-1,1,101,4
3788622-1,1,107,5
3788621-1,1,179,4
3788620-1,1,150,6
3788619-1,1,143,7
3788618-1,1,150,11
3788617-1,1,150,4
3788616-1,1,102,3
3788615-1,1,111,6
3788614-1,1,182,2
3788613-1,1,106,14
3788612-1,1,107,7
3788611-1,1,150,22
3788610-1,1,150,1
3788609-1,1,183,2
3788608-1,1,150,23
3788607-1,1,101,3
3788606-1,1,111,3
3788605-1,1,150,3
3788604-1,1,107,1
3788603-1,1,105,1
3788602-1,1,150,26
3788601-1,1,190,6
