trip_id,route_id,service_id,block_id,shape_id
3021,18,4,3701,15
126,40,2,9201,2
1175,57,2,401,0
1462,45,1,2501,27
3104,96,4,7101,17
3042,18,4,3701,15
748,72,1,5752,78
35,84,1,702,53
1763,95,1,3802,10
2631,86,4,201,28
2192,96,2,7101,17
877,54,1,6501,24
2438,57,4,404,16
2405,57,4,407,16
2001,96,1,7103,17
2749,59,4,3001,68
1926,18,3,3703,15
936,67,1,6402,64
1317,57,3,403,16
559,88,1,7801,8
2461,57,4,404,16
1896,18,2,3705,9
1296,57,3,406,0
375,49,1,7201,37
869,54,1,6501,24
2271,18,1,3801,15
1502,89,2,1901,23
1770,96,3,7102,13
2644,82,4,301,74
2460,57,4,401,16
2089,81,1,9002,12
563,88,2,7801,20
519,39,1,8003,1
2116,81,1,554,57
2393,57,4,401,0
3120,96,4,7101,13
2770,59,4,3003,18
3015,18,4,3701,66
1393,82,2,301,21
398,54,1,6501,30
1079,57,1,401,16
2655,82,4,301,21
1125,75,2,901,50
1758,95,1,3804,10
785,46,2,3202,5
1558,40,1,9201,31
2959,81,4,501,48
2249,96,2,7102,13
539,88,1,7801,20
3010,85,4,9952,61
2035,96,1,7103,13
3232,95,4,3801,10
753,46,2,3201,6
2387,57,4,404,0
1817,96,3,7101,17
2918,54,4,6501,24
715,57,1,402,16
2975,81,4,503,12
1446,45,2,2501,47
2114,81,1,501,57
1857,18,2,3701,15
2113,81,1,501,48
248,57,1,407,0
2863,39,4,8001,1
1592,40,3,9201,31
424,49,2,7201,37
2232,96,2,7101,13
2120,81,1,552,48
3176,67,4,6402,64
186,84,1,702,55
2299,89,1,1901,23
1097,57,1,405,16
3238,57,2,405,16
889,54,1,6501,24
2890,39,4,8002,35
2239,96,2,7103,13
1497,45,1,2503,47
628,39,2,8002,35
2206,96,2,7102,17
1149,45,1,2501,47
199,84,1,702,55
1315,57,3,402,16
2842,88,4,7801,20
659,39,3,8001,35
1479,45,1,2503,47
3134,96,4,7102,13
2010,96,1,7103,17
881,54,1,6501,30
1705,18,1,3804,9
3044,18,4,3702,15
1379,82,1,302,21
309,46,1,3202,5
2555,18,4,3701,9
1401,82,2,302,29
1227,57,2,401,16
2513,75,4,901,50
1396,82,2,301,21
299,46,1,3201,5
2375,57,4,403,0
1496,45,1,2502,47
1486,45,1,2501,47
3142,96,4,7103,13
1814,96,3,7102,17
3084,96,4,7103,17
481,39,1,8001,35
1910,18,2,3702,9
846,59,1,3004,19
2542,18,4,3703,9
577,88,2,7801,8
1984,96,1,7102,17
1684,18,1,3701,15
658,39,2,8002,1
1795,96,3,7101,13
1236,57,2,404,16
73,59,2,3004,18
1251,57,2,403,0
749,72,1,5751,77
1043,57,1,406,0
457,54,1,6501,24
3239,57,2,406,16
36,84,1,701,53
2204,96,2,7101,17
1389,82,2,301,21
1453,45,2,2502,47
1059,57,1,406,0
516,39,1,8003,1
1089,57,1,405,16
1322,57,3,406,16
426,49,2,7201,37
477,39,1,8002,35
3041,18,4,3702,15
1753,95,1,3701,10
3206,95,4,3801,26
1360,82,1,301,29
306,46,1,3202,5
1345,57,2,404,16
1384,82,1,302,21
2223,96,2,7101,13
2412,57,4,407,16
281,46,1,3203,6
1008,86,1,201,28
3043,18,4,3703,15
2181,96,2,7103,17
2798,46,4,3202,5
1105,86,2,201,28
2153,85,1,9903,11
859,67,1,6456,75
664,39,3,8002,35
991,86,1,201,36
1777,96,3,7101,13
1292,57,3,403,0
1863,18,2,3703,15
1150,83,1,4452,52
46,84,2,701,53
941,67,1,6405,64
3129,96,4,7101,13
2131,80,1,3401,70
355,49,1,7201,3
744,72,1,5701,77
1512,89,2,1901,23
235,57,1,403,0
1019,47,1,3901,44
200,84,1,701,55
2391,57,4,402,0
610,46,3,3202,6
1394,82,2,301,21
2966,81,4,551,48
2987,81,4,502,57
2807,46,4,3202,5
2724,45,4,2502,27
1913,18,3,3701,15
10,40,3,9201,2
850,56,1,7751,73
1211,57,2,403,16
2850,88,4,7801,8
3217,95,4,3702,10
1402,82,2,302,29
794,59,1,3003,18
3228,95,4,3802,10
725,57,1,403,16
2118,81,1,551,48
1437,45,2,2502,27
176,54,2,6501,30
545,88,1,7801,20
1735,95,1,3802,26
330,40,1,9201,2
1883,18,2,3702,9
1253,57,3,402,0
2845,88,4,7801,20
1531,89,2,1901,22
2594,40,4,9202,2
495,39,1,8002,35
2717,45,4,2501,27
826,59,1,3004,19
2591,40,4,9202,2
1036,82,3,301,74
1060,57,1,401,0
760,46,2,3202,6
2548,18,4,3701,9
113,59,3,3001,19
3035,18,4,3803,15
1574,40,2,9202,31
3056,18,4,3702,14
2928,54,4,6501,30
2813,49,4,7201,3
1751,95,1,3804,10
978,45,3,2502,27
2667,82,4,302,29
462,54,1,6501,30
3118,96,4,7103,13
1838,18,2,3705,15
121,59,3,3002,68
2290,89,1,1901,23
993,86,1,201,36
984,45,3,2502,27
20,67,1,6456,67
418,49,2,7201,3
222,57,1,401,0
769,46,2,3201,5
2287,89,1,1901,23
1539,40,1,9202,31
2648,82,4,301,21
1428,82,3,301,21
329,40,1,9202,2
3029,18,4,3804,15
77,59,2,3003,68
372,49,1,7201,37
2034,96,1,7101,13
2139,80,1,3452,7
47,84,2,701,53
1981,96,1,7102,17
676,39,3,8002,1
2625,86,4,201,28
2587,40,4,9202,2
141,40,2,9201,2
2729,59,4,3002,19
1252,57,3,401,0
1710,18,1,3802,9
667,39,3,8001,35
2895,54,4,6501,24
1587,40,3,9201,31
1652,54,3,6501,30
2048,96,1,7102,13
2578,40,4,9201,2
2925,54,4,6501,30
1153,83,1,4452,52
3208,95,4,3803,26
948,57,3,402,82
1712,18,1,3804,9
1935,18,3,3703,15
3205,95,4,3803,26
1952,18,3,3703,9
2884,39,4,8002,35
1477,45,1,2501,27
2173,96,2,7102,17
1359,82,1,301,29
1976,96,1,7101,17
3007,85,4,3401,11
379,49,1,7201,37
26,61,1,9054,40
2778,46,4,3201,6
2973,81,4,501,12
1279,57,3,401,0
2797,46,4,3201,5
816,59,1,3002,18
1721,18,1,3702,9
711,57,1,404,16
2580,40,4,9201,2
3222,95,4,3803,10
703,57,1,403,16
779,46,2,3202,5
2357,57,4,405,0
29,84,1,702,53
2945,54,4,6501,30
2773,46,4,3202,6
1543,40,1,9202,31
1563,40,2,9201,31
2145,80,1,3453,7
2861,39,4,8001,1
2515,75,4,901,50
2830,49,4,7201,37
1749,95,1,3802,10
2927,54,4,6501,30
3152,96,4,7102,13
416,49,2,7201,3
1352,82,1,301,29
2857,88,4,7801,8
166,54,2,6501,30
965,45,2,2501,69
18,67,1,6457,67
1013,57,1,405,16
1498,45,1,2501,47
2320,89,1,1901,4
1642,54,3,6501,30
765,46,2,3201,6
822,59,1,3004,19
2434,57,4,407,16
494,39,1,8003,35
1466,45,1,2502,27
743,39,1,8003,35
1040,57,1,403,0
1282,57,3,401,0
1644,54,3,6501,30
598,88,3,7801,8
782,46,2,3202,5
1366,82,1,301,29
917,54,1,6551,30
1056,57,1,403,0
2444,57,4,406,16
2286,89,1,1901,23
639,39,2,8001,35
2493,84,4,701,55
2543,18,4,3801,9
3165,67,4,6402,63
1928,18,3,3701,15
2968,81,4,552,48
1631,54,3,6501,24
2799,46,4,3203,5
2623,86,4,201,28
1185,57,2,402,0
2407,57,4,406,16
2330,57,4,402,0
2043,96,1,7101,13
1151,83,1,4453,52
1636,54,3,6501,24
1637,54,3,6501,24
189,84,1,701,55
511,39,1,8002,1
3077,96,4,7101,17
1018,47,1,3901,44
182,54,2,6501,30
2404,57,4,403,16
44,84,2,701,53
813,59,1,3001,18
672,39,3,8002,1
811,59,1,3004,18
3106,96,4,7101,17
1357,82,1,301,29
1107,86,2,201,28
448,49,3,7201,37
3168,67,4,6451,67
642,39,2,8002,35
1009,86,1,201,28
3156,96,4,7101,13
3231,95,4,3802,10
1730,95,1,3803,26
2487,84,4,701,55
1220,57,2,402,16
1001,86,1,201,28
2525,75,4,901,43
2161,85,1,502,61
2530,75,4,901,43
11,40,3,9201,2
2506,75,4,901,50
2934,54,4,6501,30
441,49,3,7201,3
2368,57,4,407,0
1830,18,2,3703,15
500,39,1,8003,35
2498,84,4,702,55
333,40,1,9202,2
1387,82,1,302,21
1028,47,1,3901,45
2529,75,4,901,43
3031,18,4,3701,15
352,49,1,7201,3
1330,57,3,405,16
960,83,1,4403,52
1920,18,3,3703,15
2743,59,4,3004,19
2889,39,4,8001,35
2877,39,4,8001,35
1203,57,2,404,0
259,46,1,3203,6
966,45,3,2501,69
1052,57,1,401,0
1875,18,2,3704,9
1989,96,1,7103,17
2236,96,2,7103,13
1068,57,1,403,16
673,39,3,8001,1
1949,18,3,3703,9
2821,49,4,7201,3
2898,54,4,6501,24
1578,40,2,9202,31
1773,96,3,7101,13
2006,96,1,7101,17
953,83,1,4402,51
91,59,2,3002,19
902,54,1,6551,24
1704,18,1,3803,9
1519,89,2,1901,22
2,40,3,9201,2
3097,96,4,7102,17
2327,89,1,1901,23
3018,18,4,3701,15
1272,57,3,404,0
996,86,1,201,36
1347,57,2,403,0
1371,82,1,302,21
1378,82,1,302,21
3140,96,4,7102,13
3014,96,1,7101,13
2358,57,4,451,0
1902,18,2,3703,9
1451,45,2,2502,47
2395,57,4,407,0
349,49,1,7201,3
1701,18,1,3703,9
2179,96,2,7102,17
1489,45,1,2501,47
1084,57,1,407,16
547,88,1,7801,8
2780,46,4,3203,6
2531,18,4,3702,9
317,75,1,901,50
140,40,2,9201,2
181,54,2,6501,30
1969,18,3,3701,9
1385,82,1,302,21
605,88,3,7801,8
1894,18,2,3704,9
1661,18,1,3702,15
2128,80,1,3402,70
2044,96,1,7103,13
2371,57,4,401,0
2753,59,4,3004,18
2532,18,4,3701,9
2295,89,1,1901,23
2528,75,4,901,43
1719,18,1,3701,9
1646,54,3,6501,30
775,46,2,3201,5
2755,59,4,3002,18
704,57,1,402,16
1783,96,3,7101,13
2058,96,1,7101,13
1445,45,2,2502,47
2599,40,4,9201,31
2091,81,1,503,60
1485,45,1,2503,47
543,88,1,7801,20
1865,18,2,3701,15
155,54,2,6501,24
1540,40,1,9201,31
3194,95,4,3701,26
1139,75,2,901,43
913,54,1,6551,30
509,39,1,8001,1
1732,95,1,3701,26
2422,57,4,401,16
2502,84,4,702,55
840,59,1,3001,19
2491,84,4,701,55
1547,40,1,9202,31
3095,96,4,7101,17
761,46,2,3203,6
2544,18,4,3802,9
2152,85,1,9902,11
2242,96,2,7103,13
1569,40,2,9201,31
2801,46,4,3202,5
1358,82,1,301,29
2350,57,4,405,0
3121,96,4,7103,13
94,59,2,3003,19
654,39,2,8002,1
3131,96,4,7102,13
870,54,1,6502,24
2168,96,2,7101,17
1689,18,1,3801,15
1671,18,1,3804,15
1421,82,3,302,29
1585,40,3,9201,31
720,57,1,402,16
1376,82,1,302,21
1439,45,2,2502,27
1425,82,3,301,21
135,40,2,9202,2
2417,57,4,405,16
1932,18,3,3703,15
627,39,2,8001,35
679,39,3,8001,1
2359,57,4,403,0
1700,18,1,3701,9
1326,57,3,404,16
2345,57,4,407,0
2456,57,4,403,16
3059,96,4,7101,17
2595,40,4,9201,31
3102,96,4,7103,17
1301,57,3,402,16
144,54,2,6501,24
694,75,1,901,43
2663,82,4,302,29
3196,95,4,3801,26
557,88,1,7801,8
2588,40,4,9201,2
2308,89,1,1901,4
2708,45,4,2501,47
2946,54,4,6501,30
918,54,1,6501,30
195,84,1,701,55
1551,40,1,9202,31
886,54,1,6502,30
690,75,1,901,43
3086,96,4,7101,17
1155,83,1,4451,52
848,56,1,7751,73
1645,54,3,6501,30
1573,40,2,9201,31
2560,18,4,3701,9
583,88,2,7801,8
2349,57,4,404,0
3177,67,4,6401,64
759,46,2,3201,6
1491,45,1,2503,47
2298,89,1,1901,23
2127,80,1,3401,54
237,57,1,402,0
579,88,2,7801,8
3198,95,4,3803,26
746,72,1,5701,77
652,39,2,8002,1
3219,95,4,3703,10
2003,96,1,7101,17
1074,57,1,405,16
2642,86,4,201,36
440,49,3,7201,3
2441,57,4,403,16
1964,18,3,3703,9
68,59,2,3001,18
2170,96,2,7102,17
938,67,1,6401,64
1727,95,1,3803,26
3019,18,4,3703,15
2632,86,4,201,28
2212,96,2,7102,17
959,83,1,4401,52
2442,57,4,407,16
3040,18,4,3804,15
873,54,1,6501,24
1141,75,2,901,43
2165,80,1,3452,71
2495,84,4,701,55
1781,96,3,7101,13
3153,96,4,7101,13
2476,84,4,701,53
907,54,1,6551,30
2782,46,4,3202,6
81,59,2,3004,19
2348,57,4,401,0
1216,57,2,401,16
1968,18,3,3702,9
740,39,1,8002,1
344,40,1,9201,2
1850,18,2,3702,15
325,40,1,9201,2
1106,86,2,201,28
2921,54,4,6501,30
1676,18,1,3802,15
1392,82,2,301,21
2869,39,4,8001,1
2004,96,1,7103,17
2261,96,2,7101,13
89,59,2,3004,19
1410,82,2,302,29
2270,18,1,3802,15
1876,18,2,3701,9
2479,84,4,702,53
955,83,1,4403,51
995,86,1,201,36
208,84,2,701,55
1829,18,2,3701,15
1407,82,2,302,29
1215,57,2,402,16
256,46,1,3201,6
1877,18,2,3703,9
532,88,1,7801,20
2457,57,4,407,16
265,46,1,3202,6
716,57,1,406,16
2394,57,4,404,0
2301,89,1,1901,23
827,59,1,3002,19
2156,85,1,9952,61
1015,47,1,3901,44
636,39,2,8002,35
470,83,1,4452,65
1228,57,2,402,16
2477,84,4,702,53
2309,89,1,1901,4
1685,18,1,3702,15
2117,81,1,555,57
53,84,3,701,53
629,39,2,8001,35
1731,95,1,3702,26
2028,96,1,7101,13
689,45,1,2501,27
1847,18,2,3701,15
728,57,1,406,16
855,67,1,6456,75
1733,95,1,3703,26
60,59,2,3001,18
449,49,3,7201,37
932,67,1,6406,63
2269,95,1,3801,10
348,40,1,9201,2
2293,89,1,1901,23
2993,80,4,3402,70
2074,96,1,7103,13
1086,57,1,406,16
356,49,1,7201,3
2712,45,4,2501,47
2777,46,4,3203,6
835,59,1,3002,19
1448,45,2,2501,47
1194,57,2,406,0
3190,95,4,3801,26
57,59,2,3004,18
845,59,1,3003,19
1255,57,3,403,0
138,40,2,9201,2
1995,96,1,7103,17
1699,18,1,3702,9
2719,45,4,2501,27
2860,39,4,8002,1
2029,96,1,7103,13
2817,49,4,7201,3
1277,57,3,405,0
310,46,1,3203,5
1615,83,1,4451,85
1124,40,2,9202,2
3061,96,4,7102,17
983,45,3,2501,27
2621,40,4,9202,31
3099,96,4,7103,17
507,39,1,8003,1
1678,18,1,3804,15
1898,18,2,3702,9
1461,45,1,2503,27
226,57,1,406,0
651,39,2,8001,1
544,88,1,7801,20
175,54,2,6501,30
1692,18,1,3801,15
508,39,1,8002,1
2878,39,4,8002,35
2355,57,4,401,0
1846,18,2,3704,15
2340,57,4,406,0
1674,18,1,3703,15
2258,96,2,7102,13
713,57,1,403,16
2671,89,4,1901,23
2883,39,4,8001,35
174,54,2,6501,30
3063,96,4,7103,17
2039,96,1,7102,13
2756,59,4,3001,18
190,84,1,702,55
3005,85,4,3401,11
2931,54,4,6501,30
910,54,1,6501,30
1584,40,3,9201,31
3186,67,4,6453,75
2721,45,4,2501,27
1823,96,3,7101,17
2215,96,2,7101,17
2310,89,1,1901,4
883,54,1,6501,30
2315,89,1,1901,4
404,54,1,6501,30
2488,84,4,702,55
2280,18,1,3701,15
1908,18,2,3701,9
752,46,2,3203,6
729,57,1,401,16
2954,81,4,503,60
1098,57,1,451,16
2008,96,1,7102,17
2195,96,2,7101,17
3210,95,4,3801,10
818,59,1,3004,56
1925,18,3,3701,15
1548,40,1,9201,31
2550,18,4,3801,9
2541,18,4,3701,9
1388,82,1,302,21
2337,57,4,403,0
170,54,2,6501,30
1818,96,3,7102,17
2455,57,4,405,16
2673,89,4,1901,23
1181,57,2,401,0
735,57,1,404,16
834,59,1,3004,19
1134,75,2,901,50
2926,54,4,6501,30
52,84,3,701,53
1456,45,1,2501,27
1083,57,1,403,16
1231,57,2,405,16
1333,57,3,405,16
1577,40,2,9201,31
630,39,2,8002,35
1490,45,1,2502,47
3027,18,4,3802,15
1743,95,1,3803,26
48,84,2,701,53
136,40,2,9201,2
3150,96,4,7101,13
620,46,3,3202,5
709,57,1,406,16
1593,40,3,9201,31
1516,89,2,1901,23
2501,84,4,701,55
3049,18,4,3701,15
3160,96,4,7101,13
231,57,1,407,0
2792,46,4,3202,5
2923,54,4,6501,30
400,54,1,6501,30
1649,54,3,6501,30
269,46,1,3202,6
1200,57,2,406,0
2517,75,4,901,50
2367,57,4,403,0
2433,57,4,403,16
3105,96,4,7103,17
247,57,1,404,0
2836,88,4,7801,20
1182,57,2,403,0
2804,46,4,3202,5
2385,57,4,406,0
1672,18,1,3702,15
1309,57,3,402,16
1390,82,2,301,21
1839,18,2,3703,15
2466,57,4,407,16
2210,96,2,7101,17
6,40,3,9201,2
276,46,1,3204,6
1536,40,1,9201,31
591,88,3,7801,20
2072,96,1,7102,13
1406,82,2,302,29
80,59,2,3001,19
2626,86,4,201,28
1186,57,2,405,0
2676,89,4,1901,23
3008,85,4,3402,11
2336,57,4,404,0
2143,80,1,3455,7
2592,40,4,9201,2
83,59,2,3002,19
587,88,3,7801,20
1888,18,2,3702,9
1695,18,1,3703,9
3000,80,4,3453,7
2901,54,4,6501,24
2666,82,4,302,29
2353,57,4,402,0
2628,86,4,201,28
2265,81,1,502,12
1982,96,1,7101,17
1517,89,2,1901,23
1621,54,3,6501,24
3122,96,4,7102,13
2157,85,1,9953,61
346,40,1,9202,2
2880,39,4,8002,35
894,54,1,6551,24
844,59,1,3001,19
2763,59,4,3002,18
2459,57,4,406,16
370,49,1,7201,37
1764,95,1,3803,10
2025,96,1,7101,17
1790,96,3,7102,13
722,57,1,401,16
1664,18,1,3701,15
2360,57,4,407,0
321,75,1,901,50
1974,96,1,7101,17
1916,18,3,3701,15
783,46,2,3203,5
1165,57,2,402,0
497,39,1,8003,35
1736,95,1,3803,26
362,49,1,7201,3
2713,45,4,2502,47
1110,86,2,201,36
2052,96,1,7101,13
2905,54,4,6501,24
1484,45,1,2502,47
1294,57,3,401,0
2823,49,4,7201,37
738,39,1,8002,1
2766,59,4,3003,18
731,57,1,403,16
1204,57,2,405,0
2581,40,4,9202,2
2472,84,4,701,53
1991,96,1,7101,17
1104,86,2,201,28
1423,82,3,301,21
1305,57,3,401,16
524,39,1,8001,1
2445,57,4,401,16
2630,86,4,201,28
2963,81,4,501,48
1881,18,2,3705,9
1202,57,2,406,0
1414,82,3,302,29
2725,45,4,2501,27
262,46,1,3201,6
1415,82,3,302,29
2389,57,4,403,0
968,45,3,2501,47
421,49,2,7201,37
206,84,2,701,55
3209,95,4,3801,26
1085,57,1,402,16
101,59,3,3001,18
2268,18,1,3701,9
2260,96,2,7102,13
2828,49,4,7201,37
1299,57,3,401,16
1651,54,3,6501,30
3145,96,4,7103,13
2017,96,1,7102,17
86,59,2,3003,19
789,59,1,3001,18
120,59,3,3002,19
1206,57,2,404,49
950,83,1,4402,51
411,49,2,7201,3
1971,18,3,3702,9
340,40,1,9201,2
1221,57,2,401,16
2482,84,4,701,53
2354,57,4,406,0
2012,96,1,7101,17
382,49,1,7201,37
1172,57,2,402,0
12,61,1,3803,33
1553,40,1,9202,31
2579,40,4,9202,2
444,49,3,7201,37
1691,18,1,3701,15
724,57,1,405,16
1627,54,3,6501,24
2785,46,4,3202,6
2462,57,4,403,16
1825,18,2,3701,15
1559,40,1,9202,31
1911,18,2,3701,9
1715,18,1,3703,9
891,54,1,6501,24
616,46,3,3202,6
1493,45,1,2502,47
129,40,2,9202,2
1071,57,1,406,16
451,57,1,406,0
300,46,1,3203,5
343,40,1,9202,2
119,59,3,3001,25
2705,45,4,2502,47
1398,82,2,301,21
1882,18,2,3703,9
560,88,1,7801,8
1118,86,2,201,36
2447,57,4,405,16
2255,96,2,7102,13
2791,46,4,3201,5
383,47,1,3901,44
691,75,1,901,43
3195,95,4,3703,26
1259,57,3,406,0
2551,18,4,3802,9
784,46,2,3201,5
2234,96,2,7102,13
90,59,2,3003,19
3096,96,4,7103,17
2151,85,1,9901,11
572,88,2,7801,20
2814,49,4,7201,3
3003,80,4,9952,71
2916,54,4,6501,24
134,40,2,9201,2
2575,40,4,9202,2
865,67,1,6452,75
2714,45,4,2502,27
2969,81,4,502,48
1849,18,2,3703,15
2211,96,2,7103,17
1792,96,3,7102,13
942,67,1,6406,64
218,84,3,701,55
568,88,2,7801,20
1769,96,3,7101,13
538,88,1,7801,20
220,57,1,403,0
1067,57,1,406,0
2200,96,2,7102,17
742,39,1,8002,35
1648,54,3,6501,30
1724,18,1,3801,9
2609,40,4,9201,31
708,57,1,402,16
347,40,1,9202,2
2686,89,4,1901,22
1550,40,1,9201,31
293,46,1,3204,5
645,39,2,8001,1
1244,57,2,406,16
683,83,1,4402,34
2427,57,4,402,16
1190,57,2,405,0
1114,86,2,201,36
1638,54,3,6501,24
13,61,1,9053,40
2675,89,4,1901,23
1980,96,1,7103,17
1590,40,3,9201,31
1245,57,2,404,16
1992,96,1,7103,17
1588,40,3,9201,31
1555,40,1,9202,31
2795,46,4,3202,5
2107,81,1,501,48
619,46,3,3201,5
59,59,2,3002,18
2090,81,1,502,60
2184,96,2,7103,17
829,59,1,3003,19
221,57,1,402,0
1471,45,1,2501,27
2629,86,4,201,28
2855,88,4,7801,8
1207,57,2,405,49
205,84,1,702,55
1487,45,1,2502,47
2748,59,4,3003,25
1618,61,1,9052,40
110,59,3,3002,56
2735,59,4,3004,19
3026,18,4,3801,15
1431,82,3,301,21
1885,18,2,3701,9
2382,57,4,403,0
2013,96,1,7103,17
311,46,1,3202,6
670,39,3,8002,35
1095,57,1,401,16
520,39,1,8002,1
1734,95,1,3801,26
3111,96,4,7101,13
799,59,1,3004,18
364,49,1,7201,3
149,54,2,6501,24
1972,18,3,3701,9
1660,18,1,3703,66
455,82,2,301,74
2252,96,2,7102,13
1382,82,1,302,21
2618,40,4,9202,31
574,88,2,7801,20
1837,18,2,3701,15
2324,89,1,1901,4
2967,81,4,501,48
2222,96,2,7102,13
2256,96,2,7101,13
3115,96,4,7103,13
641,39,2,8001,35
1993,96,1,7102,17
97,59,2,3004,25
2633,86,4,201,36
1167,57,2,401,0
1495,45,1,2501,47
1726,95,1,3802,26
773,46,2,3202,5
1349,57,2,406,0
2965,81,4,502,48
2205,96,2,7103,17
536,88,1,7801,20
1564,40,2,9202,31
2446,57,4,404,16
2707,45,4,2502,47
2041,96,1,7103,13
1111,86,2,201,36
1943,18,3,3701,15
801,59,1,3001,18
1476,45,1,2503,27
623,46,3,3201,5
1759,95,1,3702,10
305,46,1,3204,5
1707,18,1,3701,9
614,46,3,3202,6
2520,75,4,901,43
72,59,2,3001,18
1440,45,2,2501,27
491,39,1,8003,35
460,54,1,6501,30
1714,18,1,3701,9
116,59,3,3002,19
394,54,1,6501,24
1191,57,2,406,0
100,59,2,3002,19
1842,18,2,3701,15
567,88,2,7801,20
1240,57,2,405,16
2507,75,4,901,50
3234,61,1,9051,40
2274,18,1,3804,15
2022,96,1,7103,17
2401,57,4,403,16
867,56,1,7751,83
2174,96,2,7101,17
3191,95,4,3802,26
214,84,3,701,55
2425,57,4,403,16
1143,75,2,901,43
596,88,3,7801,20
2137,80,1,3402,54
1136,75,2,901,43
2403,57,4,401,16
2440,57,4,451,16
1180,57,2,402,0
2971,81,4,502,12
2426,57,4,407,16
4,40,3,9201,2
2879,39,4,8001,35
2063,96,1,7102,13
2123,81,1,552,57
1683,18,1,3703,15
1742,95,1,3802,26
2415,57,4,401,16
1176,57,2,403,0
1939,18,3,3702,15
223,57,1,403,0
109,59,3,3001,18
2279,18,1,3702,9
145,54,2,6501,24
2833,49,4,7201,37
2664,82,4,302,29
1996,96,1,7102,17
1966,18,3,3701,9
2558,18,4,3701,9
576,88,2,7801,8
1524,89,2,1901,22
2834,88,4,7801,20
1458,45,1,2503,27
1917,18,3,3703,15
236,57,1,407,0
518,39,1,8001,1
40,84,1,701,53
1872,18,2,3701,9
812,59,1,3002,18
622,46,3,3202,5
319,75,1,901,50
2614,40,4,9202,31
693,75,1,901,43
1765,95,1,3801,10
1324,57,3,405,16
3028,18,4,3803,15
1965,18,3,3702,9
1034,47,1,3901,45
1986,96,1,7103,17
1193,57,2,405,0
303,46,1,3201,5
2812,49,4,7201,3
2524,75,4,901,43
2288,89,1,1901,23
607,46,3,3201,6
802,59,1,3003,18
767,46,2,3203,6
2062,96,1,7103,13
1416,82,3,302,29
2576,40,4,9201,2
669,39,3,8001,35
1146,47,1,3901,44
1973,18,1,3701,9
2862,39,4,8002,1
737,57,1,401,82
660,39,3,8002,35
1303,57,3,403,16
2300,89,1,1901,23
245,57,1,406,0
1474,45,1,2501,27
1321,57,3,405,16
50,84,2,701,53
204,84,1,702,55
3226,95,4,3703,10
2436,57,4,406,16
2866,39,4,8002,1
2622,86,4,201,28
1768,96,3,7102,13
2180,96,2,7101,17
2103,81,1,501,48
819,59,1,3002,19
1656,54,3,6501,30
1375,82,1,302,21
1729,95,1,3802,26
836,59,1,3001,19
124,40,2,9201,2
1138,75,2,901,43
2635,86,4,201,36
1801,96,3,7101,17
474,39,1,8002,35
227,57,1,401,0
1948,18,3,3701,9
2583,40,4,9202,2
3218,95,4,3701,10
1162,82,1,301,58
2073,96,1,7101,13
1501,45,1,2501,39
1813,96,3,7101,17
499,39,1,8001,35
3090,96,4,7103,17
2643,86,4,201,36
3060,96,4,7103,17
401,54,1,6501,30
2093,81,1,504,60
1832,18,2,3704,15
3235,57,2,404,0
758,46,2,3203,6
2364,57,4,404,0
1312,57,3,402,16
2563,18,4,3701,9
1775,96,3,7101,13
2172,96,2,7103,17
1369,82,1,301,29
2617,40,4,9201,31
3117,96,4,7101,13
246,57,1,401,0
1793,96,3,7101,13
147,54,2,6501,24
1836,18,2,3704,15
3092,96,4,7101,17
2362,57,4,406,0
1556,40,1,9201,31
2944,54,4,6501,30
2207,96,2,7101,17
884,54,1,6502,30
2264,81,1,9001,12
3045,18,4,3802,15
1757,95,1,3803,10
640,39,2,8002,35
1522,89,2,1901,22
1422,82,3,301,21
93,59,2,3004,19
2564,18,4,3801,9
1673,18,1,3701,15
1567,40,2,9201,31
1957,18,3,3701,9
161,54,2,6501,24
1024,47,1,3901,44
2811,49,4,7201,3
1526,89,2,1901,22
1670,18,1,3803,15
130,40,2,9201,2
1419,82,3,302,29
1998,96,1,7103,17
1433,45,2,2502,27
387,54,1,6501,24
498,39,1,8002,35
2198,96,2,7101,17
2841,88,4,7801,20
1373,82,1,302,21
792,59,1,3002,18
2109,81,1,502,48
1967,18,3,3703,9
2408,57,4,401,16
270,46,1,3201,6
2084,81,1,504,60
2790,46,4,3201,6
558,88,1,7801,8
2871,39,4,8001,1
981,45,3,2501,27
492,39,1,8002,35
2747,59,4,3004,25
1285,57,3,401,0
2373,57,4,405,0
554,88,1,7801,8
3046,18,4,3701,15
2342,57,4,404,0
1962,18,3,3702,9
880,54,1,6502,30
1488,45,1,2503,47
2000,96,1,7101,17
1841,18,2,3704,15
173,54,2,6501,30
1076,57,1,407,16
2875,39,4,8001,35
2825,49,4,7201,37
972,45,3,2501,47
3107,96,4,7103,17
1930,18,3,3702,15
79,59,2,3001,19
1362,82,1,301,29
2216,96,2,7102,13
2933,54,4,6501,30
1929,18,3,3703,15
2468,84,4,701,53
2454,57,4,404,16
2728,59,4,3003,19
381,49,1,7201,37
1745,95,1,3802,26
3114,96,4,7101,13
255,46,1,3204,6
447,49,3,7201,37
1855,18,2,3702,15
402,54,1,6501,30
1025,47,1,3901,45
414,49,2,7201,3
2158,85,1,9954,61
1399,82,2,301,21
63,59,2,3002,18
1741,95,1,3801,26
283,46,1,3201,5
111,59,3,3001,19
795,59,1,3004,18
1866,18,2,3703,15
2660,82,4,302,29
2824,49,4,7201,37
1169,57,2,402,0
341,40,1,9202,2
3023,18,4,3702,15
1675,18,1,3801,15
320,75,1,901,50
732,57,1,407,16
1192,57,2,404,0
66,59,2,3003,18
437,49,3,7201,3
831,59,1,3002,19
313,75,1,901,50
3188,95,4,3802,26
2546,18,4,3804,9
323,75,1,901,50
825,59,1,3003,19
3079,96,4,7102,17
328,40,1,9201,2
994,86,1,201,36
2050,96,1,7103,13
415,49,2,7201,3
201,84,1,701,55
210,84,2,701,55
985,45,3,2501,86
301,46,1,3204,5
609,46,3,3201,6
1889,18,2,3704,9
1936,18,3,3702,15
1032,47,1,3901,45
3067,96,4,7102,17
1906,18,2,3703,9
776,46,2,3202,5
2646,82,4,301,21
3139,96,4,7103,13
2523,75,4,901,43
2057,96,1,7102,13
1500,45,1,2503,47
1147,47,1,3901,45
466,54,1,6551,30
890,54,1,6551,24
1288,57,3,401,0
1278,57,3,406,49
157,54,2,6501,24
156,54,2,6501,24
1978,96,1,7102,17
2452,57,4,406,16
969,45,3,2502,47
2527,75,4,901,43
1413,82,3,302,29
2499,84,4,701,55
1434,45,2,2501,27
39,84,1,702,53
503,39,1,8001,1
1444,45,2,2501,47
3149,96,4,7102,13
916,54,1,6501,30
2859,39,4,8001,1
219,57,1,401,0
2596,40,4,9202,31
949,83,1,4403,51
3058,96,4,7102,17
2600,40,4,9202,31
706,57,1,403,16
2715,45,4,2501,27
1862,18,2,3701,15
542,88,1,7801,20
454,86,1,201,36
2818,49,4,7201,3
561,88,1,7801,8
1737,95,1,3804,26
1640,54,3,6501,30
2224,96,2,7103,13
2481,84,4,702,53
1014,57,1,403,16
1570,40,2,9202,31
852,67,1,6454,75
1999,96,1,7102,17
1012,57,1,401,0
152,54,2,6501,24
1132,75,2,901,50
3147,96,4,7101,13
2380,57,4,404,0
1225,57,2,403,16
926,67,1,6405,63
1886,18,2,3705,9
453,86,1,201,36
322,75,1,901,50
335,40,1,9202,2
1659,18,1,3701,66
2285,89,1,1901,23
502,39,1,8002,1
217,84,3,701,55
25,63,1,4151,42
1560,40,1,9201,31
2907,54,4,6501,24
1617,63,1,4151,42
1323,57,3,404,16
529,88,1,7801,20
663,39,3,8001,35
439,49,3,7201,3
2318,89,1,1901,4
2851,88,4,7801,8
521,39,1,8001,1
1365,82,1,301,29
304,46,1,3203,5
1508,89,2,1901,23
974,45,3,2501,47
1039,57,1,405,0
1869,18,2,3703,15
1951,18,3,3701,9
65,59,2,3004,18
1128,75,2,901,50
1483,45,1,2501,47
396,54,1,6501,24
366,49,1,7201,37
701,75,1,901,43
1589,40,3,9201,31
2225,96,2,7102,13
480,39,1,8002,35
2636,86,4,201,36
1404,82,2,302,29
3203,95,4,3801,26
1189,57,2,404,0
3192,95,4,3803,26
854,67,1,6452,75
1864,18,2,3702,15
684,59,2,3002,46
998,86,1,201,28
1256,57,3,402,0
1313,57,3,401,16
2272,81,1,552,38
158,54,2,6501,24
930,67,1,7702,62
1706,18,1,3702,9
2352,57,4,407,0
1257,57,3,404,0
2042,96,1,7102,13
3229,95,4,3803,10
3123,96,4,7101,13
3155,96,4,7102,13
2598,40,4,9202,31
367,49,1,7201,37
1212,57,2,402,16
912,54,1,6501,30
1184,57,2,401,0
2694,89,4,1901,22
273,46,1,3202,6
1681,18,1,3703,15
1748,95,1,3801,10
2858,88,4,7801,8
1108,86,2,201,28
1302,57,3,401,16
1687,18,1,3702,15
1078,57,1,406,16
1717,18,1,3701,9
2480,84,4,701,53
3200,95,4,3702,26
3110,96,4,7102,13
1744,95,1,3801,26
17,67,1,6456,67
1341,57,3,404,16
2651,82,4,301,21
2190,96,2,7103,17
878,54,1,6502,24
1568,40,2,9202,31
2451,57,4,402,16
505,39,1,8002,1
1265,57,3,406,0
971,45,3,2502,47
551,88,1,7801,8
2070,96,1,7101,13
1340,57,3,406,16
408,54,1,6501,30
1318,57,3,402,16
1467,45,1,2503,27
2291,89,1,1901,23
1156,83,1,4451,51
302,46,1,3202,5
571,88,2,7801,20
807,59,1,3004,18
2471,84,4,702,53
1575,40,2,9201,31
1016,47,1,3901,44
501,39,1,8002,35
2056,96,1,7103,13
3057,96,4,7101,17
1513,89,2,1901,23
378,49,1,7201,37
1058,57,1,402,0
1843,18,2,3705,15
2935,54,4,6501,30
2589,40,4,9202,2
1243,57,2,405,16
872,54,1,6502,24
1728,95,1,3801,26
58,59,2,3003,18
1276,57,3,404,0
1260,57,3,404,0
2762,59,4,3003,18
395,54,1,6501,24
2177,96,2,7101,17
2088,81,1,9002,60
2951,81,4,503,60
644,39,2,8002,1
193,84,1,701,55
1941,18,3,3703,15
405,54,1,6501,30
243,57,1,407,0
2942,54,4,6501,30
2856,88,4,7801,8
114,59,3,3002,19
2688,89,4,1901,22
3100,96,4,7102,17
3065,96,4,7101,17
1905,18,2,3701,9
2402,57,4,402,16
1280,57,3,403,0
2015,96,1,7101,17
526,39,1,8002,1
3108,96,4,7101,17
429,49,2,7201,37
2049,96,1,7101,13
1534,67,1,6402,62
38,84,1,701,53
2191,96,2,7102,17
549,88,1,7801,8
1426,82,3,301,21
1480,45,1,2501,47
1403,82,2,302,29
2691,89,4,1901,22
796,59,1,3002,18
723,57,1,404,16
2146,80,1,3454,7
1994,96,1,7101,17
2826,49,4,7201,37
2024,96,1,7103,17
961,83,1,4401,51
2915,54,4,6501,24
2132,80,1,3402,70
3038,18,4,3701,15
1063,57,1,451,0
858,67,1,6455,75
681,39,3,8001,1
1878,18,2,3702,9
688,39,1,8001,1
2538,18,4,3701,9
2259,96,2,7101,13
997,86,1,201,36
565,88,2,7801,20
1350,57,2,404,0
2220,96,2,7101,13
1884,18,2,3704,9
2016,96,1,7103,17
1755,95,1,3801,10
3068,96,4,7101,17
1800,96,3,7102,17
3037,18,4,3702,15
1767,96,3,7101,13
954,83,1,4401,51
1472,45,1,2502,27
242,57,1,403,0
1130,75,2,901,50
1720,18,1,3801,9
1812,96,3,7102,17
3054,18,4,3702,15
1290,57,3,402,0
2681,89,4,1901,23
2313,89,1,1901,4
2485,84,4,702,53
1246,57,2,405,16
95,59,2,3002,19
517,39,1,8002,1
324,40,1,9201,2
184,54,2,6501,30
78,59,2,3003,19
2154,85,1,9905,11
2701,89,4,1901,22
763,46,2,3202,6
1844,18,2,3703,15
717,57,1,401,16
778,46,2,3201,5
540,88,1,7801,20
2981,81,4,502,57
1702,18,1,3801,9
473,61,1,9052,40
1856,18,2,3704,15
2467,57,4,406,16
212,84,2,701,55
452,57,1,404,0
1499,45,1,2502,47
1367,82,1,301,29
327,40,1,9202,2
2332,57,4,403,0
879,54,1,6501,30
69,59,2,3004,18
2066,96,1,7102,13
211,84,2,701,55
2610,40,4,9202,31
51,84,3,701,53
2085,81,1,501,60
2674,89,4,1901,23
2566,18,4,3801,9
2637,86,4,201,36
1329,57,3,404,16
647,39,2,8001,1
922,67,1,6403,63
191,84,1,701,55
1275,57,3,405,0
999,86,1,201,28
2112,81,1,553,57
2837,88,4,7801,20
1094,57,1,406,16
1988,96,1,7101,17
1328,57,3,406,16
282,46,1,3202,5
2505,84,4,702,55
21,56,1,7702,80
1940,18,3,3701,15
1899,18,2,3704,9
1725,95,1,3801,26
3002,80,4,9951,71
2419,57,4,407,16
2518,75,4,901,43
3087,96,4,7103,17
635,39,2,8001,35
2683,89,4,1901,23
980,45,3,2502,27
1624,54,3,6501,24
122,59,3,3001,46
1000,86,1,201,28
604,88,3,7801,8
712,57,1,405,16
1657,54,3,6501,30
2430,57,4,404,16
2516,75,4,901,50
1803,96,3,7101,17
2769,59,4,3004,18
1072,57,1,401,16
1050,57,1,402,0
3163,67,4,6402,63
2388,57,4,405,0
600,88,3,7801,8
1247,57,2,405,16
2590,40,4,9201,2
2416,57,4,404,16
1680,18,1,3701,15
312,75,1,901,50
2891,54,4,6501,24
1459,45,1,2501,27
185,84,1,701,55
1831,18,2,3702,15
2794,46,4,3201,5
417,49,2,7201,3
2700,89,4,1901,22
154,54,2,6501,24
2924,54,4,6501,30
1238,57,2,406,16
3004,85,4,9901,11
719,57,1,407,16
2537,18,4,3702,9
434,49,3,7201,3
54,84,3,701,53
316,75,1,901,50
279,46,1,3202,6
1266,57,3,404,0
2702,45,4,2501,69
1868,18,2,3701,15
2138,80,1,3451,7
56,84,3,701,53
866,67,1,6451,75
1576,40,2,9202,31
1826,18,2,3703,15
3006,85,4,9901,11
3128,96,4,7102,13
3183,67,4,6451,75
3184,67,4,6452,75
2692,89,4,1901,22
2053,96,1,7103,13
2366,57,4,451,0
2736,59,4,3003,19
514,39,1,8002,1
924,67,1,6404,63
1164,86,1,201,28
1641,54,3,6501,30
1961,18,3,3703,9
2135,80,1,3405,70
2339,57,4,402,0
2526,75,4,901,43
3158,96,4,7101,13
864,67,1,6453,75
3225,95,4,3701,10
2484,84,4,701,53
2071,96,1,7103,13
290,46,1,3202,5
657,39,2,8001,1
1953,18,3,3702,9
1833,18,2,3701,15
1173,57,2,401,0
253,46,1,3201,6
2553,18,4,3804,9
216,84,3,701,55
1281,57,3,402,0
1055,57,1,451,0
2136,80,1,3401,70
1505,89,2,1901,23
1722,18,1,3701,9
2908,54,4,6501,24
957,83,1,4403,52
2957,81,4,501,60
531,88,1,7801,20
1945,18,3,3701,9
1977,96,1,7103,17
2936,54,4,6501,30
1802,96,3,7102,17
1468,45,1,2501,27
1975,96,1,7102,17
3144,96,4,7101,13
192,84,1,702,55
2162,85,1,9953,61
2316,89,1,1901,4
2939,54,4,6501,30
1163,82,1,302,74
1510,89,2,1901,23
289,46,1,3204,5
2081,81,1,502,12
578,88,2,7801,8
1582,40,2,9201,31
2464,57,4,406,16
1,40,3,9201,2
2900,54,4,6501,24
695,75,1,901,43
637,39,2,8001,35
361,49,1,7201,3
1234,57,2,405,16
1805,96,3,7101,17
809,59,1,3001,18
2988,81,4,551,57
671,39,3,8001,1
929,67,1,6404,62
692,75,1,901,43
920,67,1,404,63
1033,47,1,3901,45
3179,67,4,6452,75
1197,57,2,406,0
2244,96,2,7101,13
1011,57,1,406,0
937,67,1,6403,64
2186,96,2,7101,17
595,88,3,7801,20
1545,40,1,9202,31
1037,57,1,401,0
108,59,3,3002,18
2214,96,2,7102,17
621,46,3,3201,5
575,88,2,7801,8
2237,96,2,7102,13
2992,80,4,3401,54
1304,57,3,402,16
2167,81,1,551,57
2163,85,1,9954,61
909,54,1,6551,30
1904,18,2,3704,9
2420,57,4,402,16
1858,18,2,3705,15
1716,18,1,3702,9
1430,82,3,301,21
2361,57,4,402,0
3088,96,4,7102,17
133,40,2,9202,2
1219,57,2,403,16
1464,45,1,2503,27
1819,96,3,7101,17
2334,57,4,406,0
533,88,1,7801,20
839,59,1,3002,19
2343,57,4,405,0
2661,82,4,302,29
833,59,1,3003,19
163,54,2,6501,24
1630,54,3,6501,24
1158,83,1,4453,51
613,46,3,3201,6
2370,57,4,406,0
2521,75,4,901,43
2815,49,4,7201,3
1811,96,3,7101,17
2943,54,4,6501,30
272,46,1,3204,6
3055,18,4,3801,14
64,59,2,3001,18
682,39,3,8002,1
2178,96,2,7103,17
1549,40,1,9202,31
1145,59,1,3001,46
2238,96,2,7101,13
2627,86,4,201,28
127,40,2,9202,2
1054,57,1,405,0
675,39,3,8001,1
2571,40,4,9202,2
266,46,1,3201,6
1688,18,1,3701,15
733,57,1,406,16
1887,18,2,3703,9
1901,18,2,3705,9
326,40,1,9202,2
357,49,1,7201,3
2999,80,4,3452,7
150,54,2,6501,24
2475,84,4,702,53
2267,18,1,3702,15
1535,67,1,6452,75
1331,57,3,406,16
1909,18,2,3703,9
1711,18,1,3803,9
1861,18,2,3704,15
2605,40,4,9201,31
2554,18,4,3702,9
1267,57,3,405,0
3202,95,4,3703,26
3193,95,4,3702,26
2208,96,2,7103,17
906,54,1,6501,30
1538,40,1,9201,31
899,54,1,6501,24
1449,45,2,2502,47
707,57,1,407,16
589,88,3,7801,20
294,46,1,3202,5
2306,89,1,1901,4
860,67,1,6457,75
159,54,2,6501,24
1170,57,2,401,0
1198,57,2,404,0
2698,89,4,1901,22
1740,95,1,3703,26
958,83,1,4402,52
1337,57,3,406,16
377,49,1,7201,37
1099,86,2,201,28
1579,40,2,9201,31
2175,96,2,7103,17
1045,57,1,404,0
2356,57,4,404,0
648,39,2,8002,1
2428,57,4,406,16
2500,84,4,702,55
1635,54,3,6501,24
142,40,2,9201,2
2929,54,4,6501,30
939,67,1,6404,64
1386,82,1,302,21
442,49,3,7201,37
467,83,1,4402,52
585,88,2,7801,8
597,88,3,7801,8
428,49,2,7201,37
1796,96,3,7102,13
2197,96,2,7102,17
286,46,1,3202,5
76,59,2,3001,18
513,39,1,8003,1
3062,96,4,7101,17
3053,18,4,3801,15
160,54,2,6501,24
2986,81,4,552,57
2033,96,1,7102,13
1395,82,2,301,21
2077,96,1,7101,13
2601,40,4,9201,31
1183,57,2,402,0
1298,57,3,404,49
99,59,2,3002,18
868,57,2,401,82
2982,81,4,501,57
791,59,1,3004,18
1042,57,1,402,0
2786,46,4,3203,6
1654,54,3,6501,30
1625,54,3,6501,24
552,88,1,7801,8
3162,67,4,6401,63
1739,95,1,3701,26
430,49,2,7201,37
914,54,1,6501,30
1873,18,2,3703,9
2652,82,4,301,21
2978,81,4,501,12
244,57,1,402,0
1912,18,2,3703,9
649,39,2,8001,1
3204,95,4,3802,26
2096,81,1,501,12
1583,40,2,9201,31
1653,54,3,6501,30
1824,96,3,7102,17
3,40,3,9201,2
2014,96,1,7102,17
490,39,1,8001,35
1213,57,2,401,16
2100,81,1,501,12
632,39,2,8002,35
2148,85,1,9902,11
1820,96,3,7102,17
3166,67,4,6401,63
1779,96,3,7101,13
2689,89,4,1901,22
1306,57,3,403,16
1924,18,3,3702,15
1900,18,2,3701,9
1049,57,1,407,0
1291,57,3,401,0
1325,57,3,406,16
1131,75,2,901,50
2379,57,4,401,0
3241,85,1,9951,61
1065,57,1,407,0
702,75,1,901,43
1148,40,1,9201,2
599,88,3,7801,8
450,49,3,7201,37
982,45,3,2502,27
798,59,1,3003,18
2958,81,4,502,60
3172,67,4,6453,67
338,40,1,9201,2
2649,82,4,301,21
1205,57,2,406,0
1747,95,1,3803,10
261,46,1,3202,6
2771,59,4,3002,56
698,75,1,901,43
734,57,1,407,16
2240,96,2,7102,13
851,56,1,7701,76
1066,57,1,402,0
1942,18,3,3702,15
1075,57,1,403,16
3133,96,4,7103,13
2005,96,1,7102,17
3011,85,4,9951,61
1241,57,2,406,16
268,46,1,3204,6
75,59,2,3002,56
1031,47,1,3901,45
2086,81,1,501,12
895,54,1,6501,24
143,54,2,6501,24
1938,18,3,3703,15
1983,96,1,7103,17
2539,18,4,3703,9
3030,18,4,3702,15
3223,95,4,3804,10
2027,96,1,7102,13
2449,57,4,403,16
2720,45,4,2502,27
2557,18,4,3702,9
194,84,1,702,55
1662,18,1,3701,15
2450,57,4,407,16
1774,96,3,7102,13
1142,75,2,901,43
2887,39,4,8001,35
2802,46,4,3203,5
1314,57,3,403,16
2809,46,4,3201,5
1308,57,3,401,16
463,54,1,6551,30
2672,89,4,1901,23
342,40,1,9201,2
183,54,2,6501,30
1788,96,3,7102,13
721,57,1,406,16
2998,80,4,3451,7
1658,54,3,6501,30
523,39,1,8002,1
2409,57,4,404,16
1892,18,2,3703,9
674,39,3,8002,1
946,67,1,9051,75
806,59,1,3003,18
726,57,1,407,16
179,54,2,6501,30
3136,96,4,7103,13
351,49,1,7201,3
1210,57,2,401,16
2909,54,4,6501,24
2840,88,4,7801,20
1533,89,2,1901,22
788,59,1,3002,68
3227,95,4,3801,10
2262,85,1,9901,11
1010,82,3,302,84
1268,57,3,406,0
2561,18,4,3801,9
2376,57,4,407,0
1958,18,3,3703,9
1201,57,2,403,0
2562,18,4,3702,9
824,59,1,3001,19
766,46,2,3202,6
1133,75,2,901,50
2829,49,4,7201,37
931,67,1,6405,62
2983,81,4,502,57
2386,57,4,401,0
1161,83,1,4453,51
3174,67,4,6402,64
736,57,1,406,16
3157,96,4,7103,13
2378,57,4,406,0
1525,89,2,1901,22
1503,89,2,1901,23
2266,18,1,3702,14
1443,45,2,2502,47
1915,18,3,3702,15
1250,57,2,405,16
1840,18,2,3702,15
443,49,3,7201,37
2038,96,1,7103,13
2448,57,4,451,16
2832,49,4,7201,37
410,49,2,7201,3
2732,59,4,3003,19
2758,59,4,3003,18
2892,54,4,6501,24
307,46,1,3201,5
1810,96,3,7102,17
2065,96,1,7103,13
2914,54,4,6501,24
1368,82,1,301,29
2903,54,4,6501,24
842,59,1,3004,19
27,56,1,7701,80
901,54,1,6501,24
1284,57,3,402,0
1990,96,1,7102,17
420,49,2,7201,3
103,59,3,3001,18
2874,39,4,8002,1
2742,59,4,3001,19
1893,18,2,3702,9
2613,40,4,9201,31
745,72,1,5702,77
1177,57,2,402,0
2784,46,4,3201,6
374,49,1,7201,37
741,39,1,8003,35
504,39,1,8003,1
2670,89,4,1901,23
1546,40,1,9201,31
1679,18,1,3702,15
653,39,2,8001,1
2248,96,2,7103,13
98,59,2,3003,25
2619,40,4,9201,31
2772,46,4,3201,72
580,88,2,7801,8
2961,81,4,501,48
2504,84,4,702,55
2730,59,4,3001,19
1890,18,2,3701,9
271,46,1,3203,6
2104,81,1,501,57
197,84,1,701,55
2788,46,4,3202,6
1527,89,2,1901,22
478,39,1,8001,35
3148,96,4,7103,13
188,84,1,702,55
2217,96,2,7101,13
2406,57,4,402,16
486,39,1,8002,35
768,46,2,3201,6
817,59,1,3001,18
2679,89,4,1901,23
2046,96,1,7101,13
2398,57,4,407,49
1956,18,3,3702,9
1179,57,2,403,0
2894,54,4,6501,24
1262,57,3,406,0
2296,89,1,1901,23
1311,57,3,403,16
3009,85,4,9951,61
1870,18,2,3702,9
425,49,2,7201,37
1081,57,1,405,16
2061,96,1,7101,13
215,84,3,701,55
34,84,1,701,53
384,63,1,4101,41
2326,89,1,1901,4
2277,95,1,3803,26
1263,57,3,404,0
151,54,2,6501,24
1718,18,1,3702,9
2193,96,2,7103,17
898,54,1,6551,24
232,57,1,402,0
42,84,1,702,53
3216,95,4,3804,10
1848,18,2,3705,15
2133,80,1,3403,70
1293,57,3,402,0
1853,18,2,3705,15
951,83,1,4401,51
3085,96,4,7102,17
1782,96,3,7102,13
2303,89,1,1901,23
2418,57,4,403,16
2335,57,4,401,0
2439,57,4,405,16
1354,82,1,301,29
1335,57,3,404,16
1927,18,3,3702,15
3094,96,4,7102,17
392,54,1,6501,24
1804,96,3,7102,17
2059,96,1,7103,13
1116,86,2,201,36
582,88,2,7801,8
1954,18,3,3701,9
2911,54,4,6501,24
718,57,1,404,16
1950,18,3,3702,9
1232,57,2,406,16
2051,96,1,7102,13
264,46,1,3204,6
3215,95,4,3803,10
1248,57,2,406,16
456,82,2,302,29
956,83,1,4401,52
2098,81,1,502,12
2886,39,4,8002,35
2097,81,1,502,60
92,59,2,3001,19
345,40,1,9202,2
258,46,1,3201,6
1249,57,2,404,16
2514,75,4,901,50
33,84,1,702,53
2533,18,4,3703,9
805,59,1,3001,18
365,49,1,7201,3
2134,80,1,3404,70
2201,96,2,7101,17
1348,57,2,404,0
3138,96,4,7101,13
3064,96,4,7102,17
332,40,1,9201,2
945,67,1,6403,62
1370,82,1,301,29
1435,45,2,2502,27
3224,95,4,3702,10
3093,96,4,7103,17
436,49,3,7201,3
153,54,2,6501,24
874,54,1,6502,24
2873,39,4,8001,1
3240,57,2,404,16
484,39,1,8001,35
171,54,2,6501,30
2793,46,4,3203,5
1223,57,2,402,16
465,54,1,6501,24
1518,89,2,1901,22
2229,96,2,7101,13
2800,46,4,3201,5
2536,18,4,3703,9
2920,54,4,6501,30
3214,95,4,3802,10
358,49,1,7201,3
1859,18,2,3703,15
2964,81,4,552,48
1160,83,1,4452,51
853,67,1,6455,75
2075,96,1,7101,13
1120,86,2,201,36
2509,75,4,901,50
2827,49,4,7201,37
1261,57,3,405,0
32,84,1,701,53
2018,96,1,7101,17
1338,57,3,404,16
2302,89,1,1901,23
2076,96,1,7103,13
546,88,1,7801,8
2948,61,4,9051,40
2819,49,4,7201,3
777,46,2,3203,5
2620,40,4,9202,31
2312,89,1,1901,4
624,46,3,3202,5
238,57,1,406,0
1772,96,3,7102,13
2047,96,1,7103,13
1196,57,2,405,0
275,46,1,3203,6
445,49,3,7201,37
566,88,2,7801,20
2023,96,1,7101,17
1237,57,2,405,16
2744,59,4,3003,19
849,56,1,7752,73
2119,81,1,551,57
3051,18,4,3702,15
2294,89,1,1901,23
754,46,2,3202,6
1320,57,3,403,16
562,88,2,7801,20
2231,96,2,7102,13
947,57,3,401,82
1208,57,2,402,16
3175,67,4,6401,64
1789,96,3,7101,13
2570,40,4,9201,2
2568,40,4,9201,2
668,39,3,8002,35
106,59,3,3002,18
399,54,1,6501,30
2142,80,1,3451,7
2228,96,2,7102,13
710,57,1,401,16
2281,18,1,3702,9
67,59,2,3002,18
3039,18,4,3703,15
1663,18,1,3703,15
3161,96,4,7101,13
2512,75,4,901,50
2413,57,4,402,16
168,54,2,6501,30
1346,57,2,406,16
2510,75,4,901,50
31,84,1,702,53
2221,96,2,7103,13
1565,40,2,9201,31
3069,96,4,7103,17
427,49,2,7201,37
2036,96,1,7102,13
2839,88,4,7801,20
2867,39,4,8001,1
2912,54,4,6501,24
390,54,1,6501,24
391,54,1,6501,24
487,39,1,8001,35
1880,18,2,3701,9
666,39,3,8002,35
588,88,3,7801,20
1703,18,1,3802,9
2390,57,4,407,0
403,54,1,6501,30
1218,57,2,401,16
202,84,1,702,53
30,84,1,701,53
3207,95,4,3802,26
115,59,3,3001,19
1752,95,1,3702,10
556,88,1,7801,8
2615,40,4,9201,31
2321,89,1,1901,4
1064,57,1,403,0
2011,96,1,7102,17
3022,18,4,3703,15
2996,80,4,3403,70
1473,45,1,2503,27
618,46,3,3202,5
1159,83,1,4451,51
2740,59,4,3003,19
260,46,1,3204,6
1552,40,1,9201,31
2899,54,4,6501,24
102,59,3,3002,18
2716,45,4,2502,27
2645,82,4,301,21
837,59,1,3003,19
2779,46,4,3202,6
699,75,1,901,43
2559,18,4,3702,9
730,57,1,404,16
2292,89,1,1901,23
1650,54,3,6501,30
3221,95,4,3802,10
2099,81,1,501,60
3212,95,4,3803,10
964,45,2,2502,27
828,59,1,3001,19
249,57,1,406,0
1756,95,1,3802,10
522,39,1,8003,1
1572,40,2,9202,31
892,54,1,6551,24
2383,57,4,407,0
2697,89,4,1901,22
919,67,1,6401,63
2882,39,4,8002,35
3197,95,4,3802,26
2940,54,4,6501,30
2125,81,1,551,48
705,57,1,401,16
2429,57,4,401,16
43,84,1,701,53
1351,67,1,6457,75
2760,59,4,3001,18
2764,59,4,3001,18
814,59,1,3003,18
2977,81,4,502,12
2947,61,4,404,33
3032,18,4,3703,15
3187,95,4,3801,26
368,49,1,7201,37
2227,96,2,7103,13
2092,81,1,503,12
146,54,2,6501,24
3075,96,4,7103,17
308,46,1,3203,5
2030,96,1,7102,13
2585,40,4,9202,2
770,46,2,3202,5
164,54,2,6501,30
2126,81,1,551,57
2710,45,4,2501,47
1481,45,1,2502,47
921,67,1,6402,63
2079,81,1,501,12
952,83,1,4403,51
1069,57,1,407,16
650,39,2,8002,1
3159,96,4,7103,13
973,45,3,2502,47
2311,89,1,1901,4
71,59,2,3002,18
461,54,1,6502,30
2745,59,4,3002,19
2166,80,1,3453,71
2647,82,4,301,21
2750,59,4,3003,68
2202,96,2,7103,17
1239,57,2,404,16
2638,86,4,201,36
3181,67,4,6452,75
2247,96,2,7101,13
28,84,1,701,53
2478,84,4,701,53
2032,96,1,7103,13
1760,95,1,3701,10
3101,96,4,7101,17
1420,82,3,302,29
1815,96,3,7101,17
2105,81,1,502,48
2757,59,4,3004,18
337,40,1,9202,2
2844,88,4,7801,20
2805,46,4,3203,5
1226,57,2,402,16
1665,18,1,3703,15
1828,18,2,3704,15
665,39,3,8001,35
555,88,1,7801,8
1509,89,2,1901,23
2574,40,4,9201,2
1541,40,1,9202,31
37,84,1,702,53
3237,57,2,404,16
369,49,1,7201,37
353,49,1,7201,3
2492,84,4,702,55
3164,67,4,6401,63
804,59,1,3002,18
2657,82,4,302,29
2431,57,4,405,16
409,49,2,7201,3
70,59,2,3003,18
2870,39,4,8002,1
2669,82,4,302,29
2972,81,4,503,12
2767,59,4,3002,18
2150,85,1,9904,11
263,46,1,3203,6
2189,96,2,7101,17
1960,18,3,3701,9
943,67,1,6401,64
990,86,1,201,36
1102,86,2,201,28
446,49,3,7201,37
2365,57,4,405,0
23,64,1,4701,81
2400,57,4,401,82
483,39,1,8002,35
843,59,1,3002,19
3233,61,1,9002,33
203,84,1,702,53
569,88,2,7801,20
285,46,1,3204,5
241,57,1,405,0
3185,67,4,6453,75
2677,89,4,1901,23
1029,47,1,3901,45
1242,57,2,404,16
2607,40,4,9201,31
1987,96,1,7102,17
3001,80,4,9952,7
1005,86,1,201,28
1135,75,2,901,43
1080,57,1,404,16
1046,57,1,405,0
1561,40,1,9202,31
1766,95,1,3802,10
2503,84,4,701,55
1061,57,1,404,0
2519,75,4,901,43
2392,57,4,406,0
1852,18,2,3701,15
1062,57,1,405,0
2045,96,1,7102,13
3080,96,4,7101,17
278,46,1,3203,6
2684,89,4,1901,23
118,59,3,3002,19
1096,57,1,404,16
677,39,3,8001,1
1006,86,1,201,28
2372,57,4,404,0
2144,80,1,3452,7
55,84,3,701,53
1336,57,3,405,16
800,59,1,3002,18
82,59,2,3003,19
3171,67,4,6452,67
2325,89,1,1901,23
331,40,1,9202,2
2733,59,4,3002,19
2876,39,4,8002,35
2852,88,4,7801,8
169,54,2,6501,30
1834,18,2,3703,15
1771,96,3,7101,13
757,46,2,3202,6
1469,45,1,2502,27
2095,81,1,501,60
24,64,1,4751,79
1127,75,2,901,50
2699,89,4,1901,22
1465,45,1,2501,27
1667,18,1,3701,15
2020,96,1,7102,17
1682,18,1,3702,15
254,46,1,3203,6
315,75,1,901,50
1154,83,1,4453,52
697,75,1,901,43
3130,96,4,7103,13
3201,95,4,3701,26
1791,96,3,7101,13
1070,57,1,402,16
3213,95,4,3801,10
2853,88,4,7801,8
1397,82,2,301,21
2194,96,2,7102,17
2930,54,4,6501,30
2567,18,4,3702,9
764,46,2,3203,6
1591,40,3,9201,31
573,88,2,7801,20
2565,18,4,3702,9
2329,57,4,403,32
2522,75,4,901,43
875,54,1,6501,24
615,46,3,3201,6
2534,18,4,3702,9
3016,18,4,3703,66
885,54,1,6501,30
2962,81,4,502,48
2989,81,4,501,57
1903,18,2,3702,9
1946,18,3,3703,9
96,59,2,3001,19
1867,18,2,3702,15
2586,40,4,9201,2
2602,40,4,9202,31
2019,96,1,7103,17
2276,18,1,3801,14
2639,86,4,201,36
2893,54,4,6501,24
925,67,1,405,63
2054,96,1,7102,13
2650,82,4,301,21
104,59,3,3002,18
1044,57,1,401,0
2026,96,1,7101,13
1408,82,2,302,29
2593,40,4,9202,2
397,54,1,6551,24
1342,57,3,403,16
1580,40,2,9202,31
528,39,1,8003,1
1506,89,2,1901,23
198,84,1,702,55
257,46,1,3204,6
2101,81,1,502,60
3050,18,4,3801,15
267,46,1,3203,6
2169,96,2,7103,17
1616,63,1,4101,41
1442,45,2,2501,27
1723,18,1,3801,9
2424,57,4,405,16
696,75,1,901,43
2577,40,4,9202,2
1523,89,2,1901,22
1355,82,1,301,29
581,88,2,7801,8
631,39,2,8001,35
314,75,1,901,50
16,67,1,6455,67
3125,96,4,7102,13
3236,57,2,405,0
1784,96,3,7102,13
2453,57,4,401,16
1092,57,1,407,16
2949,81,4,501,59
2582,40,4,9201,2
234,57,1,405,0
2199,96,2,7103,17
2803,46,4,3201,5
1391,82,2,301,21
2314,89,1,1901,4
318,75,1,901,50
714,57,1,407,16
2341,57,4,401,0
1002,86,1,201,28
1289,57,3,403,0
750,46,2,3201,72
1174,57,2,401,0
3034,18,4,3802,15
1438,45,2,2501,27
88,59,2,3001,19
989,86,1,201,36
117,59,3,3001,19
2937,54,4,6501,30
2806,46,4,3201,5
250,57,1,404,0
1374,82,1,302,21
360,49,1,7201,3
388,54,1,6501,24
2031,96,1,7101,13
2333,57,4,402,0
2121,81,1,501,57
1427,82,3,301,21
2374,57,4,451,0
385,54,1,6501,24
1494,45,1,2503,47
2634,86,4,201,36
550,88,1,7801,8
62,59,2,3003,18
2659,82,4,302,29
2410,57,4,405,16
373,49,1,7201,37
2381,57,4,405,0
976,45,3,2502,27
1787,96,3,7101,13
1693,18,1,3703,9
2474,84,4,701,53
3033,18,4,3801,15
781,46,2,3201,5
1310,57,3,401,16
908,54,1,6501,30
180,54,2,6501,30
2881,39,4,8001,35
1931,18,3,3701,15
2741,59,4,3002,19
3017,18,4,3702,15
1053,57,1,404,0
1418,82,3,302,29
2572,40,4,9201,2
1020,47,1,3901,44
1021,47,1,3901,44
1166,57,2,402,0
2783,46,4,3203,6
1633,54,3,6501,24
863,67,1,6451,75
475,39,1,8001,35
2941,54,4,6501,30
992,86,1,201,36
2556,18,4,3703,9
2147,85,1,9901,11
626,46,3,3202,5
1027,47,1,3901,45
1026,47,1,3901,45
225,57,1,402,0
1970,18,3,3703,9
3066,96,4,7103,17
2494,84,4,702,55
2680,89,4,1901,23
137,40,2,9202,2
413,49,2,7201,3
2037,96,1,7101,13
2752,59,4,3001,18
1051,57,1,406,0
9,40,3,9201,2
820,59,1,3001,19
2739,59,4,3004,19
479,39,1,8003,35
1816,96,3,7102,17
1620,54,3,6501,24
2203,96,2,7102,17
2465,57,4,404,16
2835,88,4,7801,20
2328,89,1,1901,4
1109,86,2,201,28
756,46,2,3201,6
904,54,1,6501,30
905,54,1,6551,30
1101,86,2,201,28
1047,57,1,451,0
1007,86,1,201,28
1537,40,1,9202,31
1424,82,3,301,21
1286,57,3,403,0
1409,82,2,302,29
911,54,1,6551,30
2726,59,4,3002,46
2068,96,1,7103,13
856,67,1,6451,75
1845,18,2,3702,15
1316,57,3,401,16
3143,96,4,7102,13
2251,96,2,7103,13
893,54,1,6501,24
2695,89,4,1901,22
2080,81,1,502,60
1851,18,2,3704,15
1918,18,3,3702,15
1048,57,1,403,0
1400,82,2,301,87
1157,83,1,4452,51
606,88,3,7801,8
967,45,3,2502,47
1209,57,2,402,16
233,57,1,404,0
3182,67,4,6453,75
1821,96,3,7101,17
3025,18,4,3703,15
2021,96,1,7101,17
1504,89,2,1901,23
1542,40,1,9201,31
1778,96,3,7102,13
2624,86,4,201,28
2685,89,4,1901,23
1799,96,3,7101,17
1287,57,3,402,0
1452,45,2,2501,47
49,84,2,701,53
2511,75,4,901,50
655,39,2,8001,1
2160,85,1,9952,61
2250,96,2,7101,13
2781,46,4,3201,6
1532,89,2,1901,22
1122,84,2,701,55
3135,96,4,7101,13
646,39,2,8002,1
1698,18,1,3703,9
3024,18,4,3701,15
1233,57,2,404,16
2765,59,4,3004,18
1629,54,3,6501,24
2950,81,4,502,60
553,88,1,7801,8
979,45,3,2501,27
139,40,2,9202,2
2226,96,2,7101,13
2283,18,1,3702,9
2369,57,4,402,0
2159,85,1,9951,61
2984,81,4,551,57
458,54,1,6502,24
780,46,2,3203,5
2304,89,1,1901,23
1808,96,3,7102,17
2597,40,4,9201,31
617,46,3,3201,5
1356,82,1,301,29
3154,96,4,7103,13
2094,81,1,504,12
986,67,1,6453,75
1073,57,1,404,16
1319,57,3,401,16
2129,80,1,3403,70
915,54,1,6551,30
3178,67,4,6451,75
2009,96,1,7101,17
3220,95,4,3801,10
2706,45,4,2501,47
537,88,1,7801,20
207,84,2,701,55
41,84,1,702,53
45,84,2,701,53
2246,96,2,7102,13
1571,40,2,9201,31
298,46,1,3202,5
1632,54,3,6501,24
3078,96,4,7103,17
2897,54,4,6501,24
2668,82,4,302,29
755,46,2,3203,6
2549,18,4,3703,9
2796,46,4,3203,5
354,49,1,7201,3
172,54,2,6501,30
1738,95,1,3702,26
1140,75,2,901,43
2991,81,4,502,57
2257,96,2,7103,13
2486,84,4,702,53
2055,96,1,7101,13
3074,96,4,7101,17
1077,57,1,402,16
2831,49,4,7201,37
1283,57,3,403,0
975,45,3,2502,39
2709,45,4,2502,47
1003,86,1,201,28
2849,88,4,7801,8
7,61,1,9003,33
1447,45,2,2502,47
1907,18,2,3702,9
1677,18,1,3803,15
988,86,1,201,36
1113,86,2,201,36
1450,45,2,2501,47
3048,18,4,3702,15
1273,57,3,405,0
1761,95,1,3703,10
464,54,1,6501,30
3132,96,4,7101,13
3013,85,4,3452,61
496,39,1,8001,35
857,67,1,6454,75
862,67,1,6456,75
678,39,3,8002,1
2970,81,4,501,12
1004,86,1,201,28
612,46,3,3202,6
601,88,3,7801,8
593,88,3,7801,20
1230,57,2,401,16
239,57,1,401,0
876,54,1,6502,24
771,46,2,3203,5
1785,96,3,7101,13
987,86,1,201,36
209,84,2,701,55
2547,18,4,3702,9
2087,81,1,9001,60
2938,54,4,6501,30
435,49,3,7201,3
2906,54,4,6501,24
2854,88,4,7801,8
2108,81,1,501,57
2994,80,4,3403,70
2722,45,4,2502,27
2437,57,4,401,16
1123,40,1,9202,2
1129,75,2,901,50
1195,57,2,404,0
2435,57,4,402,16
1023,47,1,3901,44
1229,57,2,403,16
85,59,2,3004,19
2469,84,4,702,53
535,88,1,7801,20
1126,75,2,901,50
2171,96,2,7101,17
1668,18,1,3703,15
1152,83,1,4451,52
2703,45,4,2502,47
1696,18,1,3702,9
3076,96,4,7102,17
1405,82,2,302,29
3089,96,4,7101,17
2307,89,1,1901,4
350,49,1,7201,3
2608,40,4,9202,31
1188,57,2,406,0
2658,82,4,302,29
786,46,2,3203,5
602,88,3,7801,8
1997,96,1,7101,17
2182,96,2,7102,17
2331,57,4,401,0
1694,18,1,3702,9
1520,89,2,1901,22
680,39,3,8002,1
2164,80,1,3451,71
1634,54,3,6501,24
3116,96,4,7102,13
1914,18,3,3703,15
1666,18,1,3702,15
530,88,1,7801,20
871,54,1,6501,24
2411,57,4,403,16
2351,57,4,403,0
3070,96,4,7102,17
2774,46,4,3203,6
2848,88,4,7801,8
787,46,2,3201,5
933,67,1,6402,62
1100,86,2,201,28
2902,54,4,6501,24
1041,57,1,407,0
2820,49,4,7201,3
1478,45,1,2502,47
903,54,1,6501,24
2473,84,4,702,53
1057,57,1,407,0
2007,96,1,7103,17
2254,96,2,7103,13
643,39,2,8001,1
3141,96,4,7101,13
1669,18,1,3802,15
213,84,3,701,55
438,49,3,7201,3
2115,81,1,552,57
887,54,1,6501,30
3119,96,4,7102,13
2759,59,4,3002,18
1271,57,3,406,0
3180,67,4,6451,75
2604,40,4,9202,31
2102,81,1,502,12
61,59,2,3004,18
2754,59,4,3003,18
297,46,1,3204,5
2997,80,4,3004,70
2082,81,1,503,60
482,39,1,8003,35
288,46,1,3203,5
2230,96,2,7103,13
165,54,2,6501,30
2414,57,4,406,16
1117,86,2,201,36
1922,18,3,3701,15
2751,59,4,3002,18
1269,57,3,404,0
3071,96,4,7101,17
1530,89,2,1901,22
3020,18,4,3702,15
2218,96,2,7103,13
1923,18,3,3703,15
1827,18,2,3702,15
2868,39,4,8002,1
2737,59,4,3002,19
107,59,3,3001,18
1038,57,1,404,0
590,88,3,7801,20
1087,57,1,401,16
2603,40,4,9201,31
2917,54,4,6501,24
1521,89,2,1901,22
3052,18,4,3701,15
2317,89,1,1901,4
2463,57,4,407,16
2187,96,2,7103,17
1628,54,3,6501,24
515,39,1,8001,1
928,67,1,6401,63
823,59,1,3002,19
1429,82,3,301,21
1297,57,3,406,0
2734,59,4,3001,19
3173,67,4,6401,64
2185,96,2,7102,17
162,54,2,6501,24
1581,40,2,9201,31
3113,96,4,7102,13
1979,96,1,7101,17
656,39,2,8002,1
727,57,1,402,16
2346,57,4,402,0
1295,57,3,403,0
940,67,1,405,64
2552,18,4,3803,9
1798,96,3,7102,17
934,67,1,6401,64
1614,84,1,701,53
459,54,1,6551,24
1586,40,3,9201,31
1780,96,3,7102,13
1750,95,1,3803,10
2489,84,4,701,55
3103,96,4,7102,17
131,40,2,9202,2
2219,96,2,7102,13
634,39,2,8002,35
2640,86,4,201,36
2377,57,4,402,0
2111,81,1,553,48
1093,57,1,402,16
2289,89,1,1901,23
488,39,1,8003,35
1822,96,3,7102,17
469,83,1,4451,65
230,57,1,403,0
1754,95,1,3703,10
1562,40,1,9202,31
2822,49,4,7201,37
838,59,1,3004,19
1482,45,1,2503,47
1686,18,1,3801,15
1082,57,1,451,16
2768,59,4,3001,18
2002,96,1,7102,17
2808,46,4,3203,5
1529,89,2,1901,22
2241,96,2,7101,13
2124,81,1,553,57
506,39,1,8001,1
793,59,1,3001,18
2078,81,1,501,59
15,67,1,6451,67
2718,45,4,2502,27
2535,18,4,3701,9
1361,82,1,301,29
1515,89,2,1901,23
3169,67,4,6453,67
1144,75,2,901,43
229,57,1,405,0
2573,40,4,9202,2
2432,57,4,451,16
3127,96,4,7103,13
2995,80,4,3402,70
277,46,1,3202,6
386,54,1,6501,24
2060,96,1,7102,13
3112,96,4,7103,13
376,49,1,7201,37
633,39,2,8001,35
2040,96,1,7101,13
1507,89,2,1901,23
1103,86,2,201,28
584,88,2,7801,8
2787,46,4,3201,6
1339,57,3,405,16
1300,57,3,403,16
1254,57,3,401,0
2789,46,4,3203,6
1377,82,1,302,21
687,57,1,403,32
512,39,1,8001,1
2297,89,1,1901,23
1383,82,1,302,21
2278,95,1,3801,26
3012,85,4,3451,61
2846,88,4,7801,20
1623,54,3,6501,24
1214,57,2,403,16
2746,59,4,3001,19
2149,85,1,9903,11
2497,84,4,701,55
2319,89,1,1901,4
1762,95,1,3801,10
2176,96,2,7102,17
1921,18,3,3702,15
1622,54,3,6501,24
1655,54,3,6501,30
1327,57,3,405,16
1178,57,2,401,0
292,46,1,3203,5
2569,40,4,9202,2
1475,45,1,2502,27
2584,40,4,9201,2
431,49,2,7201,37
84,59,2,3001,19
2738,59,4,3001,19
1797,96,3,7101,17
2606,40,4,9202,31
1786,96,3,7102,13
125,40,2,9202,2
970,45,3,2501,47
2952,81,4,501,60
1807,96,3,7101,17
2838,88,4,7801,20
2976,81,4,501,12
1171,57,2,403,0
1860,18,2,3702,15
2711,45,4,2502,47
2443,57,4,402,16
774,46,2,3203,5
1809,96,3,7101,17
686,61,1,9001,33
1708,18,1,3703,9
2344,57,4,403,0
1090,57,1,451,16
2913,54,4,6501,24
2363,57,4,401,0
3036,18,4,3804,15
284,46,1,3203,5
2106,81,1,502,57
830,59,1,3004,19
432,49,2,7201,37
2140,80,1,3453,7
1794,96,3,7102,13
3146,96,4,7102,13
2508,75,4,901,50
1372,82,1,302,21
3091,96,4,7102,17
3124,96,4,7103,13
611,46,3,3201,6
2397,57,4,404,0
2616,40,4,9202,31
389,54,1,6501,24
2110,81,1,502,57
2682,89,4,1901,23
1224,57,2,401,16
2919,54,4,6501,30
1639,54,3,6501,30
1697,18,1,3701,9
1199,57,2,405,0
1891,18,2,3705,9
1463,45,1,2502,27
2322,89,1,1901,4
1343,57,3,404,16
1955,18,3,3703,9
1557,40,1,9202,31
625,46,3,3201,5
2067,96,1,7101,13
841,59,1,3003,19
3072,96,4,7103,17
2213,96,2,7101,17
815,59,1,3004,18
2864,39,4,8002,1
2243,96,2,7102,13
962,57,1,406,49
2761,59,4,3004,18
527,39,1,8001,1
1566,40,2,9202,31
87,59,2,3002,19
2183,96,2,7101,17
2282,95,1,3801,10
468,83,1,4451,52
3047,18,4,3801,15
291,46,1,3201,5
1264,57,3,405,0
228,57,1,404,0
2723,45,4,2501,27
900,54,1,6551,24
935,67,1,404,64
1647,54,3,6501,30
14,67,1,6454,67
2284,81,1,501,48
2235,96,2,7101,13
2896,54,4,6501,24
810,59,1,3003,18
1022,47,1,3901,44
2904,54,4,6501,24
1035,47,1,3901,45
2654,82,4,301,21
1432,45,2,2501,27
371,49,1,7201,37
2816,49,4,7201,3
3170,67,4,6451,67
3073,96,4,7102,17
19,67,1,6454,67
700,75,1,901,43
847,59,1,3001,25
3098,96,4,7101,17
123,40,2,9201,2
2612,40,4,9202,31
2540,18,4,3702,9
882,54,1,6502,30
685,59,2,3001,68
2990,81,4,552,57
1436,45,2,2501,27
762,46,2,3201,6
2273,81,1,554,38
128,40,2,9201,2
638,39,2,8002,35
1417,82,3,302,29
2953,81,4,502,60
525,39,1,8003,1
2687,89,4,1901,22
1119,86,2,201,36
2496,84,4,702,55
2545,18,4,3803,9
603,88,3,7801,8
2423,57,4,404,16
2130,80,1,3404,70
1470,45,1,2503,27
2847,88,4,7801,8
1353,82,1,301,29
2690,89,4,1901,22
476,39,1,8003,35
772,46,2,3201,5
1344,57,2,403,16
1874,18,2,3702,9
2245,96,2,7103,13
661,39,3,8001,35
2611,40,4,9201,31
1222,57,2,403,16
2083,81,1,503,12
541,88,1,7801,20
1544,40,1,9201,31
178,54,2,6501,30
2384,57,4,402,0
1115,86,2,201,36
888,54,1,6502,30
1235,57,2,406,16
1776,96,3,7102,13
1919,18,3,3701,15
3081,96,4,7103,17
739,39,1,8003,1
2641,86,4,201,36
22,56,1,7701,80
2960,81,4,502,48
2470,84,4,701,53
2338,57,4,407,0
3109,96,4,7101,13
1137,75,2,901,43
1944,18,3,3702,9
2704,45,4,2501,47
132,40,2,9201,2
1746,95,1,3802,10
2775,46,4,3201,6
224,57,1,407,0
1934,18,3,3701,15
1937,18,3,3701,15
3189,95,4,3803,26
570,88,2,7801,20
861,67,1,6454,75
1947,18,3,3702,9
2810,49,4,7201,3
1168,57,2,403,0
485,39,1,8003,35
2399,57,4,406,49
2305,89,1,1901,4
2888,39,4,8002,35
2064,96,1,7101,13
2196,96,2,7103,17
1514,89,2,1901,23
1511,89,2,1901,23
1709,18,1,3801,9
662,39,3,8002,35
2141,80,1,3454,7
1528,89,2,1901,22
1363,82,1,301,29
2662,82,4,302,29
1457,45,1,2502,27
423,49,2,7201,37
896,54,1,6551,24
2263,81,1,504,12
1332,57,3,404,16
2910,54,4,6501,24
2483,84,4,702,53
2656,82,4,301,87
1985,96,1,7101,17
963,61,1,9004,33
2980,81,4,501,57
274,46,1,3201,6
897,54,1,6501,24
251,57,1,407,49
1963,18,3,3701,9
1492,45,1,2501,47
2955,81,4,501,60
944,67,1,6406,64
2731,59,4,3004,19
472,59,1,3004,46
2490,84,4,702,55
112,59,3,3002,19
977,45,3,2501,27
821,59,1,3003,19
419,49,2,7201,3
1412,82,2,302,29
1380,82,1,302,21
1713,18,1,3702,9
1381,82,1,302,21
790,59,1,3003,18
422,49,2,7201,37
1897,18,2,3703,9
1088,57,1,404,16
406,54,1,6501,30
1895,18,2,3701,9
1030,47,1,3901,45
2253,96,2,7101,13
295,46,1,3201,5
2653,82,4,301,21
747,72,1,5751,78
1643,54,3,6501,30
380,49,1,7201,37
3082,96,4,7102,17
1460,45,1,2502,27
592,88,3,7801,20
3199,95,4,3804,26
548,88,1,7801,8
3083,96,4,7101,17
296,46,1,3203,5
923,67,1,6401,63
2693,89,4,1901,22
1307,57,3,402,16
177,54,2,6501,30
1959,18,3,3702,9
2458,57,4,402,16
2678,89,4,1901,23
2233,96,2,7103,13
105,59,3,3001,18
2727,59,4,3001,19
2155,85,1,9904,11
751,46,2,3202,6
927,67,1,6406,63
334,40,1,9201,2
1091,57,1,403,16
240,57,1,404,0
564,88,2,7801,20
287,46,1,3201,5
363,49,1,7201,3
534,88,1,7801,20
1626,54,3,6501,24
2865,39,4,8001,1
808,59,1,3002,18
1619,54,3,6501,24
1454,45,1,2502,27
493,39,1,8001,35
3211,95,4,3802,10
2985,81,4,501,57
74,59,2,3003,18
2209,96,2,7102,17
2872,39,4,8002,1
797,59,1,3001,18
2069,96,1,7102,13
393,54,1,6501,24
1690,18,1,3702,15
148,54,2,6501,24
608,46,3,3202,6
1217,57,2,403,16
510,39,1,8003,1
2979,81,4,502,12
2885,39,4,8001,35
8,40,3,9201,2
489,39,1,8002,35
1806,96,3,7102,17
2956,81,4,502,60
1112,86,2,201,36
187,84,1,701,55
359,49,1,7201,3
167,54,2,6501,30
1455,45,1,2503,27
2323,89,1,1901,4
5,40,3,9201,2
2776,46,4,3202,6
336,40,1,9201,2
1835,18,2,3702,15
3167,67,4,6402,62
1274,57,3,404,0
1933,18,3,3702,15
2974,81,4,502,12
2347,57,4,406,0
3126,96,4,7101,13
1187,57,2,405,0
2665,82,4,302,29
1441,45,2,2502,27
1017,47,1,3901,44
280,46,1,3202,6
2932,54,4,6501,30
2188,96,2,7102,17
1854,18,2,3703,15
1364,82,1,301,29
471,83,1,4453,65
594,88,3,7801,20
1879,18,2,3704,9
2843,88,4,7801,20
3137,96,4,7102,13
1871,18,2,3704,9
2696,89,4,1901,22
832,59,1,3001,19
412,49,2,7201,3
1258,57,3,405,0
252,57,1,402,0
1121,84,2,701,53
1334,57,3,406,16
339,40,1,9202,2
196,84,1,702,55
3151,96,4,7103,13
3230,95,4,3801,10
2396,57,4,406,0
433,49,3,7201,3
1411,82,2,302,29
2275,18,1,3702,15
1554,40,1,9201,31
2421,57,4,406,16
586,88,2,7801,8
803,59,1,3004,18
1270,57,3,405,0
2122,81,1,553,48
407,54,1,6501,30
2922,54,4,6501,30
